1441004887,s5,0.00,0.00,0.00,0,0,0.00,0.00,0.00,0,0,0.00,0.00,0,0
1441004887,s1,0.00,0.00,0.00,0,0,0.00,0.00,0.00,0,0,0.00,0.00,0,0
1441004887,eth0,0.00,0.00,0.00,0,0,0.00,0.00,0.00,0,0,0.00,0.00,0,0
1441004887,eth1,0.00,0.00,0.00,0,0,0.00,0.00,0.00,0,0,0.00,0.00,0,0
1441004887,s2,0.00,0.00,0.00,0,0,0.00,0.00,0.00,0,0,0.00,0.00,0,0
1441004887,s1-eth2,0.00,0.00,0.00,0,0,0.00,0.00,0.00,0,0,0.00,0.00,0,0
1441004887,s1-eth1,0.00,0.00,0.00,0,0,0.00,0.00,0.00,0,0,0.00,0.00,0,0
1441004887,s3,0.00,0.00,0.00,0,0,0.00,0.00,0.00,0,0,0.00,0.00,0,0
1441004887,s2-eth2,0.00,0.00,0.00,0,0,0.00,0.00,0.00,0,0,0.00,0.00,0,0
1441004887,s2-eth1,0.00,0.00,0.00,0,0,0.00,0.00,0.00,0,0,0.00,0.00,0,0
1441004887,lo,0.00,0.00,0.00,0,0,0.00,0.00,0.00,0,0,0.00,0.00,0,0
1441004887,s4,0.00,0.00,0.00,0,0,0.00,0.00,0.00,0,0,0.00,0.00,0,0
1441004887,s3-eth2,0.00,0.00,0.00,0,0,0.00,0.00,0.00,0,0,0.00,0.00,0,0
1441004887,s3-eth1,0.00,0.00,0.00,0,0,0.00,0.00,0.00,0,0,0.00,0.00,0,0
1441004887,total,0.00,0.00,0.00,0,0,0.00,0.00,0.00,0,0,0.00,0.00,0,0
1441004888,s5,0.00,0.00,0.00,0,0,0.00,0.00,0.00,0,0,0.00,0.00,0,0
1441004888,s1,160.00,4484.00,4644.00,4484,160,2.00,22.00,24.00,22,2,0.00,0.00,0,0
1441004888,eth0,0.00,0.00,0.00,0,0,0.00,0.00,0.00,0,0,0.00,0.00,0,0
1441004888,eth1,0.00,0.00,0.00,0,0,0.00,0.00,0.00,0,0,0.00,0.00,0,0
1441004888,s2,90.00,4135.00,4225.00,4135,90,1.00,24.00,25.00,24,1,0.00,0.00,0,0
1441004888,s1-eth2,69919.00,5855050.00,5924969.00,5855050,69919,1042.00,1041.00,2083.00,1041,1042,0.00,0.00,0,0
1441004888,s1-eth1,5855271.00,67716.00,5922987.00,67716,5855271,1051.00,1026.00,2077.00,1026,1051,0.00,0.00,0,0
1441004888,s3,90.00,4400.00,4490.00,4400,90,1.00,27.00,28.00,27,1,0.00,0.00,0,0
1441004888,s2-eth2,72328.00,5851050.00,5923378.00,5851050,72328,1057.00,1027.00,2084.00,1027,1057,0.00,0.00,0,0
1441004888,s2-eth1,5850640.00,69853.00,5920493.00,69853,5850640,1040.00,1041.00,2081.00,1041,1040,0.00,0.00,0,0
1441004888,lo,22176.00,22176.00,44352.00,22176,22176,209.00,209.00,418.00,209,209,0.00,0.00,0,0
1441004888,s4,0.00,0.00,0.00,0,0,0.00,0.00,0.00,0,0,0.00,0.00,0,0
1441004888,s3-eth2,73305.00,5847392.00,5920697.00,5847392,73305,1063.00,1014.00,2077.00,1014,1063,0.00,0.00,0,0
1441004888,s3-eth1,5851050.00,72328.00,5923378.00,72328,5851050,1027.00,1057.00,2084.00,1057,1027,0.00,0.00,0,0
1441004888,total,17795028.00,17798584.00,35593612.00,17798584,17795029,6493.00,6488.00,12981.00,6488,6493,0.00,0.00,0,0
1441004889,s5,0.00,0.00,0.00,0,0,0.00,0.00,0.00,0,0,0.00,0.00,0,0
1441004889,s1,90.00,1310.00,1400.00,1310,90,1.00,5.00,6.00,5,1,0.00,0.00,0,0
1441004889,eth0,0.00,0.00,0.00,0,0,0.00,0.00,0.00,0,0,0.00,0.00,0,0
1441004889,eth1,0.00,0.00,0.00,0,0,0.00,0.00,0.00,0,0,0.00,0.00,0,0
1441004889,s2,0.00,1849.00,1849.00,1849,0,0.00,8.00,8.00,8,0,0.00,0.00,0,0
1441004889,s1-eth2,73073.00,5947204.00,6020277.00,5947204,73073,1095.00,1152.00,2247.00,1152,1095,0.00,0.00,0,0
1441004889,s1-eth1,5942372.00,71940.00,6014312.00,71940,5942372,1155.00,1090.00,2245.00,1090,1155,0.00,0.00,0,0
1441004889,s3,0.00,1834.00,1834.00,1834,0,0.00,8.00,8.00,8,0,0.00,0.00,0,0
1441004889,s2-eth2,73774.00,5946610.00,6020384.00,5946610,73774,1098.00,1150.00,2248.00,1150,1098,0.00,0.00,0,0
1441004889,s2-eth1,5947204.00,73073.00,6020277.00,73073,5947204,1152.00,1095.00,2247.00,1095,1152,0.00,0.00,0,0
1441004889,lo,6901.00,6901.00,13802.00,6901,6901,65.00,65.00,130.00,65,65,0.00,0.00,0,0
1441004889,s4,0.00,0.00,0.00,0,0,0.00,0.00,0.00,0,0,0.00,0.00,0,0
1441004889,s3-eth2,74800.00,5945894.00,6020694.00,5945894,74800,1102.00,1147.00,2249.00,1147,1102,0.00,0.00,0,0
1441004889,s3-eth1,5946610.00,73774.00,6020384.00,73774,5946610,1150.00,1098.00,2248.00,1098,1150,0.00,0.00,0,0
1441004889,total,18064824.00,18070388.00,36135212.00,18070389,18064824,6818.00,6818.00,13636.00,6818,6818,0.00,0.00,0,0
1441004890,s5,0.00,0.00,0.00,0,0,0.00,0.00,0.00,0,0,0.00,0.00,0,0
1441004890,s1,0.00,434.00,434.00,434,0,0.00,2.00,2.00,2,0,0.00,0.00,0,0
1441004890,eth0,0.00,0.00,0.00,0,0,0.00,0.00,0.00,0,0,0.00,0.00,0,0
1441004890,eth1,0.00,0.00,0.00,0,0,0.00,0.00,0.00,0,0,0.00,0.00,0,0
1441004890,s2,0.00,654.00,654.00,654,0,0.00,2.00,2.00,2,0,0.00,0.00,0,0
1441004890,s1-eth2,66723.00,5887724.00,5954447.00,5887724,66723,1007.00,1007.00,2014.00,1007,1007,0.00,0.00,0,0
1441004890,s1-eth1,5887831.00,66330.00,5954161.00,66330,5887831,1008.00,1005.00,2013.00,1005,1008,0.00,0.00,0,0
1441004890,s3,0.00,654.00,654.00,654,0,0.00,2.00,2.00,2,0,0.00,0.00,0,0
1441004890,s2-eth2,66984.00,5887617.00,5954601.00,5887617,66984,1007.00,1006.00,2013.00,1006,1007,0.00,0.00,0,0
1441004890,s2-eth1,5887724.00,66723.00,5954447.00,66723,5887724,1007.00,1007.00,2014.00,1007,1007,0.00,0.00,0,0
1441004890,lo,1935.00,1935.00,3870.00,1935,1935,18.00,18.00,36.00,18,18,0.00,0.00,0,0
1441004890,s4,0.00,0.00,0.00,0,0,0.00,0.00,0.00,0,0,0.00,0.00,0,0
1441004890,s3-eth2,67157.00,5887290.00,5954447.00,5887290,67157,1009.00,1005.00,2014.00,1005,1009,0.00,0.00,0,0
1441004890,s3-eth1,5887617.00,66984.00,5954601.00,66984,5887617,1006.00,1007.00,2013.00,1007,1006,0.00,0.00,0,0
1441004890,total,17865972.00,17866344.00,35732316.00,17866345,17865971,6062.00,6061.00,12123.00,6061,6062,0.00,0.00,0,0
1441004891,s5,0.00,0.00,0.00,0,0,0.00,0.00,0.00,0,0,0.00,0.00,0,0
1441004891,s1,0.00,991.00,991.00,991,0,0.00,8.00,8.00,8,0,0.00,0.00,0,0
1441004891,eth0,364.00,850.00,1214.00,850,364,5.00,5.00,10.00,5,5,0.00,0.00,0,0
1441004891,eth1,136.00,60.00,196.00,60,136,2.00,1.00,3.00,1,2,0.00,0.00,0,0
1441004891,s2,70.00,958.00,1028.00,958,70,1.00,7.00,8.00,7,1,0.00,0.00,0,0
1441004891,s1-eth2,66510.00,5870637.00,5937147.00,5870637,66510,1004.00,1009.00,2013.00,1009,1004,0.00,0.00,0,0
1441004891,s1-eth1,5870974.00,66202.00,5937176.00,66202,5870974,1011.00,1003.00,2014.00,1003,1011,0.00,0.00,0,0
1441004891,s3,70.00,888.00,958.00,888,70,1.00,6.00,7.00,6,1,0.00,0.00,0,0
1441004891,s2-eth2,67020.00,5870230.00,5937250.00,5870230,67020,1008.00,1006.00,2014.00,1006,1008,0.00,0.00,0,0
1441004891,s2-eth1,5870637.00,66510.00,5937147.00,66510,5870637,1009.00,1004.00,2013.00,1004,1009,0.00,0.00,0,0
1441004891,lo,7679.00,7679.00,15358.00,7679,7679,77.00,77.00,154.00,77,77,0.00,0.00,0,0
1441004891,s4,0.00,0.00,0.00,0,0,0.00,0.00,0.00,0,0,0.00,0.00,0,0
1441004891,s3-eth2,67688.00,5869716.00,5937404.00,5869716,67688,1011.00,1002.00,2013.00,1002,1011,0.00,0.00,0,0
1441004891,s3-eth1,5870230.00,67020.00,5937250.00,67020,5870230,1006.00,1008.00,2014.00,1008,1006,0.00,0.00,0,0
1441004891,total,17821378.00,17821740.00,35643120.00,17821741,17821378,6135.00,6136.00,12271.00,6136,6135,0.00,0.00,0,0
1441004892,s5,0.00,0.00,0.00,0,0,0.00,0.00,0.00,0,0,0.00,0.00,0,0
1441004892,s1,70.00,996.00,1066.00,996,70,1.00,3.00,4.00,3,1,0.00,0.00,0,0
1441004892,eth0,152.00,477.00,629.00,477,152,2.00,3.00,5.00,3,2,0.00,0.00,0,0
1441004892,eth1,0.00,82.00,82.00,82,0,0.00,1.00,1.00,1,0,0.00,0.00,0,0
1441004892,s2,0.00,794.00,794.00,794,0,0.00,4.00,4.00,4,0,0.00,0.00,0,0
1441004892,s1-eth2,70691.00,5960908.00,6031599.00,5960908,70691,1067.00,1143.00,2210.00,1143,1067,0.00,0.00,0,0
1441004892,s1-eth1,5961305.00,70224.00,6031529.00,70224,5961305,1145.00,1064.00,2209.00,1064,1145,0.00,0.00,0,0
1441004892,s3,0.00,864.00,864.00,864,0,0.00,5.00,5.00,5,0,0.00,0.00,0,0
1441004892,s2-eth2,71088.00,5966097.00,6037185.00,5966097,71088,1069.00,1142.00,2211.00,1142,1069,0.00,0.00,0,0
1441004892,s2-eth1,5960908.00,70691.00,6031599.00,70691,5960908,1143.00,1067.00,2210.00,1067,1143,0.00,0.00,0,0
1441004892,lo,4725.00,4725.00,9450.00,4725,4725,49.00,49.00,98.00,49,49,0.00,0.00,0,0
1441004892,s4,0.00,0.00,0.00,0,0,0.00,0.00,0.00,0,0,0.00,0.00,0,0
1441004892,s3-eth2,71088.00,5965770.00,6036858.00,5965770,71088,1069.00,1141.00,2210.00,1141,1069,0.00,0.00,0,0
1441004892,s3-eth1,5966097.00,71088.00,6037185.00,71088,5966097,1142.00,1069.00,2211.00,1069,1142,0.00,0.00,0,0
1441004892,total,18106124.00,18112716.00,36218840.00,18112716,18106124,6687.00,6691.00,13378.00,6691,6687,0.00,0.00,0,0
1441004893,s5,0.00,0.00,0.00,0,0,0.00,0.00,0.00,0,0,0.00,0.00,0,0
1441004893,s1,0.00,0.00,0.00,0,0,0.00,0.00,0.00,0,0,0.00,0.00,0,0
1441004893,eth0,0.00,0.00,0.00,0,0,0.00,0.00,0.00,0,0,0.00,0.00,0,0
1441004893,eth1,0.00,0.00,0.00,0,0,0.00,0.00,0.00,0,0,0.00,0.00,0,0
1441004893,s2,0.00,0.00,0.00,0,0,0.00,0.00,0.00,0,0,0.00,0.00,0,0
1441004893,s1-eth2,66726.00,5916580.00,5983306.00,5916580,66726,1011.00,1010.00,2021.00,1010,1011,0.00,0.00,0,0
1441004893,s1-eth1,5916922.00,66660.00,5983582.00,66660,5916922,1011.00,1010.00,2021.00,1010,1011,0.00,0.00,0,0
1441004893,s3,0.00,0.00,0.00,0,0,0.00,0.00,0.00,0,0,0.00,0.00,0,0
1441004893,s2-eth2,66660.00,5916580.00,5983240.00,5916580,66660,1010.00,1010.00,2020.00,1010,1010,0.00,0.00,0,0
1441004893,s2-eth1,5916580.00,66726.00,5983306.00,66726,5916580,1010.00,1011.00,2021.00,1011,1010,0.00,0.00,0,0
1441004893,lo,0.00,0.00,0.00,0,0,0.00,0.00,0.00,0,0,0.00,0.00,0,0
1441004893,s4,0.00,0.00,0.00,0,0,0.00,0.00,0.00,0,0,0.00,0.00,0,0
1441004893,s3-eth2,66726.00,5916580.00,5983306.00,5916580,66726,1011.00,1010.00,2021.00,1010,1011,0.00,0.00,0,0
1441004893,s3-eth1,5916580.00,66660.00,5983240.00,66660,5916580,1010.00,1010.00,2020.00,1010,1010,0.00,0.00,0,0
1441004893,total,17950194.00,17949786.00,35899980.00,17949786,17950194,6063.00,6061.00,12124.00,6061,6063,0.00,0.00,0,0
1441004894,s5,0.00,0.00,0.00,0,0,0.00,0.00,0.00,0,0,0.00,0.00,0,0
1441004894,s1,0.00,107.00,107.00,107,0,0.00,1.00,1.00,1,0,0.00,0.00,0,0
1441004894,eth0,0.00,0.00,0.00,0,0,0.00,0.00,0.00,0,0,0.00,0.00,0,0
1441004894,eth1,0.00,0.00,0.00,0,0,0.00,0.00,0.00,0,0,0.00,0.00,0,0
1441004894,s2,0.00,0.00,0.00,0,0,0.00,0.00,0.00,0,0,0.00,0.00,0,0
1441004894,s1-eth2,67386.00,5986983.00,6054369.00,5986983,67386,1021.00,1023.00,2044.00,1023,1021,0.00,0.00,0,0
1441004894,s1-eth1,5987090.00,67452.00,6054542.00,67452,5987090,1024.00,1022.00,2046.00,1022,1024,0.00,0.00,0,0
1441004894,s3,0.00,0.00,0.00,0,0,0.00,0.00,0.00,0,0,0.00,0.00,0,0
1441004894,s2-eth2,67452.00,5986876.00,6054328.00,5986876,67452,1022.00,1022.00,2044.00,1022,1022,0.00,0.00,0,0
1441004894,s2-eth1,5986983.00,67386.00,6054369.00,67386,5986983,1023.00,1021.00,2044.00,1021,1023,0.00,0.00,0,0
1441004894,lo,305.00,305.00,610.00,305,305,3.00,3.00,6.00,3,3,0.00,0.00,0,0
1441004894,s4,0.00,0.00,0.00,0,0,0.00,0.00,0.00,0,0,0.00,0.00,0,0
1441004894,s3-eth2,67835.00,5986876.00,6054711.00,5986876,67835,1023.00,1022.00,2045.00,1022,1023,0.00,0.00,0,0
1441004894,s3-eth1,5986876.00,67452.00,6054328.00,67452,5986876,1022.00,1022.00,2044.00,1022,1022,0.00,0.00,0,0
1441004894,total,18163928.00,18163436.00,36327364.00,18163437,18163927,6138.00,6136.00,12274.00,6136,6138,0.00,0.00,0,0
1441004895,s5,0.00,0.00,0.00,0,0,0.00,0.00,0.00,0,0,0.00,0.00,0,0
1441004895,s1,0.00,457.00,457.00,457,0,0.00,6.00,6.00,6,0,0.00,0.00,0,0
1441004895,eth0,0.00,0.00,0.00,0,0,0.00,0.00,0.00,0,0,0.00,0.00,0,0
1441004895,eth1,0.00,0.00,0.00,0,0,0.00,0.00,0.00,0,0,0.00,0.00,0,0
1441004895,s2,70.00,424.00,494.00,424,70,1.00,5.00,6.00,5,1,0.00,0.00,0,0
1441004895,s1-eth2,68289.00,6045843.00,6114132.00,6045843,68289,1034.00,1037.00,2071.00,1037,1034,0.00,0.00,0,0
1441004895,s1-eth1,6045913.00,68116.00,6114029.00,68116,6045913,1038.00,1032.00,2070.00,1032,1038,0.00,0.00,0,0
1441004895,s3,70.00,354.00,424.00,354,70,1.00,4.00,5.00,4,1,0.00,0.00,0,0
1441004895,s2-eth2,68466.00,6045703.00,6114169.00,6045703,68466,1036.00,1035.00,2071.00,1035,1036,0.00,0.00,0,0
1441004895,s2-eth1,6045843.00,68289.00,6114132.00,68289,6045843,1037.00,1034.00,2071.00,1034,1037,0.00,0.00,0,0
1441004895,lo,4741.00,4741.00,9482.00,4741,4741,51.00,51.00,102.00,51,51,0.00,0.00,0,0
1441004895,s4,0.00,0.00,0.00,0,0,0.00,0.00,0.00,0,0,0.00,0.00,0,0
1441004895,s3-eth2,68606.00,6045456.00,6114062.00,6045456,68606,1038.00,1032.00,2070.00,1032,1038,0.00,0.00,0,0
1441004895,s3-eth1,6045703.00,68466.00,6114169.00,68466,6045703,1035.00,1036.00,2071.00,1036,1035,0.00,0.00,0,0
1441004895,total,18347700.00,18347848.00,36695552.00,18347849,18347701,6271.00,6272.00,12543.00,6272,6271,0.00,0.00,0,0
1441004896,s5,0.00,0.00,0.00,0,0,0.00,0.00,0.00,0,0,0.00,0.00,0,0
1441004896,s1,70.00,70.00,140.00,70,70,1.00,1.00,2.00,1,1,0.00,0.00,0,0
1441004896,eth0,0.00,0.00,0.00,0,0,0.00,0.00,0.00,0,0,0.00,0.00,0,0
1441004896,eth1,0.00,0.00,0.00,0,0,0.00,0.00,0.00,0,0,0.00,0.00,0,0
1441004896,s2,0.00,210.00,210.00,210,0,0.00,3.00,3.00,3,0,0.00,0.00,0,0
1441004896,s1-eth2,68252.00,6045526.00,6113778.00,6045526,68252,1034.00,1033.00,2067.00,1033,1034,0.00,0.00,0,0
1441004896,s1-eth1,6045596.00,68178.00,6113774.00,68178,6045596,1034.00,1033.00,2067.00,1033,1034,0.00,0.00,0,0
1441004896,s3,0.00,622.00,622.00,622,0,0.00,5.00,5.00,5,0,0.00,0.00,0,0
1441004896,s2-eth2,68664.00,6045526.00,6114190.00,6045526,68664,1036.00,1033.00,2069.00,1033,1036,0.00,0.00,0,0
1441004896,s2-eth1,6045526.00,68252.00,6113778.00,68252,6045526,1033.00,1034.00,2067.00,1034,1033,0.00,0.00,0,0
1441004896,lo,2738.00,2738.00,5476.00,2738,2738,30.00,30.00,60.00,30,30,0.00,0.00,0,0
1441004896,s4,0.00,0.00,0.00,0,0,0.00,0.00,0.00,0,0,0.00,0.00,0,0
1441004896,s3-eth2,68730.00,6045526.00,6114256.00,6045526,68730,1037.00,1033.00,2070.00,1033,1037,0.00,0.00,0,0
1441004896,s3-eth1,6045526.00,68664.00,6114190.00,68664,6045526,1033.00,1036.00,2069.00,1036,1033,0.00,0.00,0,0
1441004896,total,18345102.00,18345312.00,36690416.00,18345312,18345102,6238.00,6241.00,12479.00,6241,6238,0.00,0.00,0,0
1441004897,s5,0.00,0.00,0.00,0,0,0.00,0.00,0.00,0,0,0.00,0.00,0,0
1441004897,s1,0.00,684.00,684.00,684,0,0.00,2.00,2.00,2,0,0.00,0.00,0,0
1441004897,eth0,0.00,0.00,0.00,0,0,0.00,0.00,0.00,0,0,0.00,0.00,0,0
1441004897,eth1,0.00,0.00,0.00,0,0,0.00,0.00,0.00,0,0,0.00,0.00,0,0
1441004897,s2,0.00,684.00,684.00,684,0,0.00,2.00,2.00,2,0,0.00,0.00,0,0
1441004897,s1-eth2,68388.00,6040282.00,6108670.00,6040282,68388,1032.00,1033.00,2065.00,1033,1032,0.00,0.00,0,0
1441004897,s1-eth1,6040282.00,68046.00,6108328.00,68046,6040282,1033.00,1031.00,2064.00,1031,1033,0.00,0.00,0,0
1441004897,s3,0.00,342.00,342.00,342,0,0.00,1.00,1.00,1,0,0.00,0.00,0,0
1441004897,s2-eth2,68388.00,6045798.00,6114186.00,6045798,68388,1032.00,1033.00,2065.00,1033,1032,0.00,0.00,0,0
1441004897,s2-eth1,6040282.00,68454.00,6108736.00,68454,6040282,1033.00,1033.00,2066.00,1033,1033,0.00,0.00,0,0
1441004897,lo,1974.00,1974.00,3948.00,1974,1974,21.00,21.00,42.00,21,21,0.00,0.00,0,0
1441004897,s4,0.00,0.00,0.00,0,0,0.00,0.00,0.00,0,0,0.00,0.00,0,0
1441004897,s3-eth2,68388.00,6045456.00,6113844.00,6045456,68388,1032.00,1032.00,2064.00,1032,1032,0.00,0.00,0,0
1441004897,s3-eth1,6045798.00,68388.00,6114186.00,68388,6045798,1033.00,1032.00,2065.00,1032,1033,0.00,0.00,0,0
1441004897,total,18333500.00,18340108.00,36673608.00,18340108,18333500,6216.00,6220.00,12436.00,6220,6216,0.00,0.00,0,0
1441004898,s5,0.00,0.00,0.00,0,0,0.00,0.00,0.00,0,0,0.00,0.00,0,0
1441004898,s1,0.00,0.00,0.00,0,0,0.00,0.00,0.00,0,0,0.00,0.00,0,0
1441004898,eth0,0.00,0.00,0.00,0,0,0.00,0.00,0.00,0,0,0.00,0.00,0,0
1441004898,eth1,0.00,0.00,0.00,0,0,0.00,0.00,0.00,0,0,0.00,0.00,0,0
1441004898,s2,0.00,0.00,0.00,0,0,0.00,0.00,0.00,0,0,0.00,0.00,0,0
1441004898,s1-eth2,68178.00,6051314.00,6119492.00,6051314,68178,1033.00,1033.00,2066.00,1033,1033,0.00,0.00,0,0
1441004898,s1-eth1,6051314.00,68112.00,6119426.00,68112,6051314,1033.00,1032.00,2065.00,1032,1033,0.00,0.00,0,0
1441004898,s3,0.00,0.00,0.00,0,0,0.00,0.00,0.00,0,0,0.00,0.00,0,0
1441004898,s2-eth2,68178.00,6045456.00,6113634.00,6045456,68178,1033.00,1032.00,2065.00,1032,1033,0.00,0.00,0,0
1441004898,s2-eth1,6051314.00,68112.00,6119426.00,68112,6051314,1033.00,1032.00,2065.00,1032,1033,0.00,0.00,0,0
1441004898,lo,0.00,0.00,0.00,0,0,0.00,0.00,0.00,0,0,0.00,0.00,0,0
1441004898,s4,0.00,0.00,0.00,0,0,0.00,0.00,0.00,0,0,0.00,0.00,0,0
1441004898,s3-eth2,68112.00,6045456.00,6113568.00,6045456,68112,1032.00,1032.00,2064.00,1032,1032,0.00,0.00,0,0
1441004898,s3-eth1,6045456.00,68178.00,6113634.00,68178,6045456,1032.00,1033.00,2065.00,1033,1032,0.00,0.00,0,0
1441004898,total,18352552.00,18346628.00,36699180.00,18346628,18352552,6196.00,6194.00,12390.00,6194,6196,0.00,0.00,0,0
1441004899,s5,0.00,0.00,0.00,0,0,0.00,0.00,0.00,0,0,0.00,0.00,0,0
1441004899,s1,0.00,0.00,0.00,0,0,0.00,0.00,0.00,0,0,0.00,0.00,0,0
1441004899,eth0,0.00,0.00,0.00,0,0,0.00,0.00,0.00,0,0,0.00,0.00,0,0
1441004899,eth1,0.00,0.00,0.00,0,0,0.00,0.00,0.00,0,0,0.00,0.00,0,0
1441004899,s2,0.00,0.00,0.00,0,0,0.00,0.00,0.00,0,0,0.00,0.00,0,0
1441004899,s1-eth2,68046.00,6039598.00,6107644.00,6039598,68046,1031.00,1031.00,2062.00,1031,1031,0.00,0.00,0,0
1441004899,s1-eth1,6039598.00,68112.00,6107710.00,68112,6039598,1031.00,1032.00,2063.00,1032,1031,0.00,0.00,0,0
1441004899,s3,0.00,0.00,0.00,0,0,0.00,0.00,0.00,0,0,0.00,0.00,0,0
1441004899,s2-eth2,68046.00,6039598.00,6107644.00,6039598,68046,1031.00,1031.00,2062.00,1031,1031,0.00,0.00,0,0
1441004899,s2-eth1,6039598.00,68046.00,6107644.00,68046,6039598,1031.00,1031.00,2062.00,1031,1031,0.00,0.00,0,0
1441004899,lo,0.00,0.00,0.00,0,0,0.00,0.00,0.00,0,0,0.00,0.00,0,0
1441004899,s4,0.00,0.00,0.00,0,0,0.00,0.00,0.00,0,0,0.00,0.00,0,0
1441004899,s3-eth2,68046.00,6039598.00,6107644.00,6039598,68046,1031.00,1031.00,2062.00,1031,1031,0.00,0.00,0,0
1441004899,s3-eth1,6039598.00,68046.00,6107644.00,68046,6039598,1031.00,1031.00,2062.00,1031,1031,0.00,0.00,0,0
1441004899,total,18322932.00,18322998.00,36645928.00,18322998,18322932,6186.00,6187.00,12373.00,6187,6186,0.00,0.00,0,0
1441004900,s5,0.00,0.00,0.00,0,0,0.00,0.00,0.00,0,0,0.00,0.00,0,0
1441004900,s1,0.00,0.00,0.00,0,0,0.00,0.00,0.00,0,0,0.00,0.00,0,0
1441004900,eth0,0.00,0.00,0.00,0,0,0.00,0.00,0.00,0,0,0.00,0.00,0,0
1441004900,eth1,0.00,0.00,0.00,0,0,0.00,0.00,0.00,0,0,0.00,0.00,0,0
1441004900,s2,0.00,0.00,0.00,0,0,0.00,0.00,0.00,0,0,0.00,0.00,0,0
1441004900,s1-eth2,68178.00,6051314.00,6119492.00,6051314,68178,1033.00,1033.00,2066.00,1033,1033,0.00,0.00,0,0
1441004900,s1-eth1,6051314.00,68112.00,6119426.00,68112,6051314,1033.00,1032.00,2065.00,1032,1033,0.00,0.00,0,0
1441004900,s3,0.00,0.00,0.00,0,0,0.00,0.00,0.00,0,0,0.00,0.00,0,0
1441004900,s2-eth2,68112.00,6051314.00,6119426.00,6051314,68112,1032.00,1033.00,2065.00,1033,1032,0.00,0.00,0,0
1441004900,s2-eth1,6051314.00,68178.00,6119492.00,68178,6051314,1033.00,1033.00,2066.00,1033,1033,0.00,0.00,0,0
1441004900,lo,0.00,0.00,0.00,0,0,0.00,0.00,0.00,0,0,0.00,0.00,0,0
1441004900,s4,0.00,0.00,0.00,0,0,0.00,0.00,0.00,0,0,0.00,0.00,0,0
1441004900,s3-eth2,68178.00,6051314.00,6119492.00,6051314,68178,1033.00,1033.00,2066.00,1033,1033,0.00,0.00,0,0
1441004900,s3-eth1,6051314.00,68112.00,6119426.00,68112,6051314,1033.00,1032.00,2065.00,1032,1033,0.00,0.00,0,0
1441004900,total,18358410.00,18358344.00,36716752.00,18358344,18358410,6197.00,6196.00,12393.00,6196,6197,0.00,0.00,0,0
1441004901,s5,0.00,0.00,0.00,0,0,0.00,0.00,0.00,0,0,0.00,0.00,0,0
1441004901,s1,0.00,0.00,0.00,0,0,0.00,0.00,0.00,0,0,0.00,0.00,0,0
1441004901,eth0,286.00,258.00,544.00,258,286,1.00,1.00,2.00,1,1,0.00,0.00,0,0
1441004901,eth1,0.00,0.00,0.00,0,0,0.00,0.00,0.00,0,0,0.00,0.00,0,0
1441004901,s2,0.00,0.00,0.00,0,0,0.00,0.00,0.00,0,0,0.00,0.00,0,0
1441004901,s1-eth2,68046.00,6039598.00,6107644.00,6039598,68046,1031.00,1031.00,2062.00,1031,1031,0.00,0.00,0,0
1441004901,s1-eth1,6039598.00,68112.00,6107710.00,68112,6039598,1031.00,1032.00,2063.00,1032,1031,0.00,0.00,0,0
1441004901,s3,0.00,0.00,0.00,0,0,0.00,0.00,0.00,0,0,0.00,0.00,0,0
1441004901,s2-eth2,68112.00,6039598.00,6107710.00,6039598,68112,1032.00,1031.00,2063.00,1031,1032,0.00,0.00,0,0
1441004901,s2-eth1,6039598.00,68046.00,6107644.00,68046,6039598,1031.00,1031.00,2062.00,1031,1031,0.00,0.00,0,0
1441004901,lo,0.00,0.00,0.00,0,0,0.00,0.00,0.00,0,0,0.00,0.00,0,0
1441004901,s4,0.00,0.00,0.00,0,0,0.00,0.00,0.00,0,0,0.00,0.00,0,0
1441004901,s3-eth2,68046.00,6039598.00,6107644.00,6039598,68046,1031.00,1031.00,2062.00,1031,1031,0.00,0.00,0,0
1441004901,s3-eth1,6039598.00,68112.00,6107710.00,68112,6039598,1031.00,1032.00,2063.00,1032,1031,0.00,0.00,0,0
1441004901,total,18323284.00,18323322.00,36646608.00,18323322,18323284,6188.00,6189.00,12377.00,6189,6188,0.00,0.00,0,0
1441004902,s5,0.00,0.00,0.00,0,0,0.00,0.00,0.00,0,0,0.00,0.00,0,0
1441004902,s1,0.00,107.00,107.00,107,0,0.00,1.00,1.00,1,0,0.00,0.00,0,0
1441004902,eth0,0.00,0.00,0.00,0,0,0.00,0.00,0.00,0,0,0.00,0.00,0,0
1441004902,eth1,0.00,0.00,0.00,0,0,0.00,0.00,0.00,0,0,0.00,0.00,0,0
1441004902,s2,0.00,0.00,0.00,0,0,0.00,0.00,0.00,0,0,0.00,0.00,0,0
1441004902,s1-eth2,68112.00,6045563.00,6113675.00,6045563,68112,1032.00,1033.00,2065.00,1033,1032,0.00,0.00,0,0
1441004902,s1-eth1,6046012.00,68112.00,6114124.00,68112,6046012,1035.00,1032.00,2067.00,1032,1035,0.00,0.00,0,0
1441004902,s3,0.00,0.00,0.00,0,0,0.00,0.00,0.00,0,0,0.00,0.00,0,0
1441004902,s2-eth2,68112.00,6045456.00,6113568.00,6045456,68112,1032.00,1032.00,2064.00,1032,1032,0.00,0.00,0,0
1441004902,s2-eth1,6045563.00,68178.00,6113741.00,68178,6045563,1033.00,1033.00,2066.00,1033,1033,0.00,0.00,0,0
1441004902,lo,1165.00,1165.00,2330.00,1165,1165,18.00,18.00,36.00,18,18,0.00,0.00,0,0
1441004902,s4,0.00,0.00,0.00,0,0,0.00,0.00,0.00,0,0,0.00,0.00,0,0
1441004902,s3-eth2,68285.00,6045456.00,6113741.00,6045456,68285,1034.00,1032.00,2066.00,1032,1034,0.00,0.00,0,0
1441004902,s3-eth1,6045456.00,68112.00,6113568.00,68112,6045456,1032.00,1032.00,2064.00,1032,1032,0.00,0.00,0,0
1441004902,total,18342704.00,18342148.00,36684856.00,18342149,18342705,6216.00,6213.00,12429.00,6213,6216,0.00,0.00,0,0
1441004903,s5,0.00,0.00,0.00,0,0,0.00,0.00,0.00,0,0,0.00,0.00,0,0
1441004903,s1,0.00,107.00,107.00,107,0,0.00,1.00,1.00,1,0,0.00,0.00,0,0
1441004903,eth0,0.00,0.00,0.00,0,0,0.00,0.00,0.00,0,0,0.00,0.00,0,0
1441004903,eth1,0.00,0.00,0.00,0,0,0.00,0.00,0.00,0,0,0.00,0.00,0,0
1441004903,s2,0.00,214.00,214.00,214,0,0.00,2.00,2.00,2,0,0.00,0.00,0,0
1441004903,s1-eth2,68219.00,6045563.00,6113782.00,6045563,68219,1033.00,1033.00,2066.00,1033,1033,0.00,0.00,0,0
1441004903,s1-eth1,6045563.00,68046.00,6113609.00,68046,6045563,1033.00,1031.00,2064.00,1031,1033,0.00,0.00,0,0
1441004903,s3,0.00,556.00,556.00,556,0,0.00,3.00,3.00,3,0,0.00,0.00,0,0
1441004903,s2-eth2,68602.00,6045563.00,6114165.00,6045563,68602,1034.00,1033.00,2067.00,1033,1034,0.00,0.00,0,0
1441004903,s2-eth1,6045563.00,68153.00,6113716.00,68153,6045563,1033.00,1032.00,2065.00,1032,1033,0.00,0.00,0,0
1441004903,lo,1851.00,1851.00,3702.00,1851,1851,18.00,18.00,36.00,18,18,0.00,0.00,0,0
1441004903,s4,0.00,0.00,0.00,0,0,0.00,0.00,0.00,0,0,0.00,0.00,0,0
1441004903,s3-eth2,68602.00,6045456.00,6114058.00,6045456,68602,1034.00,1032.00,2066.00,1032,1034,0.00,0.00,0,0
1441004903,s3-eth1,6045563.00,68602.00,6114165.00,68602,6045563,1033.00,1034.00,2067.00,1034,1033,0.00,0.00,0,0
1441004903,total,18343964.00,18344112.00,36688072.00,18344111,18343963,6218.00,6219.00,12437.00,6219,6218,0.00,0.00,0,0
1441004904,s5,0.00,0.00,0.00,0,0,0.00,0.00,0.00,0,0,0.00,0.00,0,0
1441004904,s1,0.00,0.00,0.00,0,0,0.00,0.00,0.00,0,0,0.00,0.00,0,0
1441004904,eth0,0.00,86.00,86.00,86,0,0.00,1.00,1.00,1,0,0.00,0.00,0,0
1441004904,eth1,0.00,86.00,86.00,86,0,0.00,1.00,1.00,1,0,0.00,0.00,0,0
1441004904,s2,0.00,0.00,0.00,0,0,0.00,0.00,0.00,0,0,0.00,0.00,0,0
1441004904,s1-eth2,68112.00,6045456.00,6113568.00,6045456,68112,1032.00,1032.00,2064.00,1032,1032,0.00,0.00,0,0
1441004904,s1-eth1,6045456.00,68178.00,6113634.00,68178,6045456,1032.00,1033.00,2065.00,1033,1032,0.00,0.00,0,0
1441004904,s3,0.00,0.00,0.00,0,0,0.00,0.00,0.00,0,0,0.00,0.00,0,0
1441004904,s2-eth2,68178.00,6045456.00,6113634.00,6045456,68178,1033.00,1032.00,2065.00,1032,1033,0.00,0.00,0,0
1441004904,s2-eth1,6045456.00,68112.00,6113568.00,68112,6045456,1032.00,1032.00,2064.00,1032,1032,0.00,0.00,0,0
1441004904,lo,0.00,0.00,0.00,0,0,0.00,0.00,0.00,0,0,0.00,0.00,0,0
1441004904,s4,0.00,0.00,0.00,0,0,0.00,0.00,0.00,0,0,0.00,0.00,0,0
1441004904,s3-eth2,68112.00,6045456.00,6113568.00,6045456,68112,1032.00,1032.00,2064.00,1032,1032,0.00,0.00,0,0
1441004904,s3-eth1,6045456.00,68178.00,6113634.00,68178,6045456,1032.00,1033.00,2065.00,1033,1032,0.00,0.00,0,0
1441004904,total,18340770.00,18341008.00,36681776.00,18341008,18340770,6193.00,6196.00,12389.00,6196,6193,0.00,0.00,0,0
1441004905,s5,0.00,0.00,0.00,0,0,0.00,0.00,0.00,0,0,0.00,0.00,0,0
1441004905,s1,0.00,0.00,0.00,0,0,0.00,0.00,0.00,0,0,0.00,0.00,0,0
1441004905,eth0,0.00,0.00,0.00,0,0,0.00,0.00,0.00,0,0,0.00,0.00,0,0
1441004905,eth1,0.00,0.00,0.00,0,0,0.00,0.00,0.00,0,0,0.00,0.00,0,0
1441004905,s2,0.00,0.00,0.00,0,0,0.00,0.00,0.00,0,0,0.00,0.00,0,0
1441004905,s1-eth2,68178.00,6045456.00,6113634.00,6045456,68178,1033.00,1032.00,2065.00,1032,1033,0.00,0.00,0,0
1441004905,s1-eth1,6045456.00,68112.00,6113568.00,68112,6045456,1032.00,1032.00,2064.00,1032,1032,0.00,0.00,0,0
1441004905,s3,0.00,0.00,0.00,0,0,0.00,0.00,0.00,0,0,0.00,0.00,0,0
1441004905,s2-eth2,68112.00,6045456.00,6113568.00,6045456,68112,1032.00,1032.00,2064.00,1032,1032,0.00,0.00,0,0
1441004905,s2-eth1,6045456.00,68178.00,6113634.00,68178,6045456,1032.00,1033.00,2065.00,1033,1032,0.00,0.00,0,0
1441004905,lo,0.00,0.00,0.00,0,0,0.00,0.00,0.00,0,0,0.00,0.00,0,0
1441004905,s4,0.00,0.00,0.00,0,0,0.00,0.00,0.00,0,0,0.00,0.00,0,0
1441004905,s3-eth2,68178.00,6045456.00,6113634.00,6045456,68178,1033.00,1032.00,2065.00,1032,1033,0.00,0.00,0,0
1441004905,s3-eth1,6045456.00,68112.00,6113568.00,68112,6045456,1032.00,1032.00,2064.00,1032,1032,0.00,0.00,0,0
1441004905,total,18340836.00,18340770.00,36681608.00,18340770,18340836,6194.00,6193.00,12387.00,6193,6194,0.00,0.00,0,0
1441004906,s5,0.00,0.00,0.00,0,0,0.00,0.00,0.00,0,0,0.00,0.00,0,0
1441004906,s1,0.00,0.00,0.00,0,0,0.00,0.00,0.00,0,0,0.00,0.00,0,0
1441004906,eth0,0.00,244.00,244.00,244,0,0.00,1.00,1.00,1,0,0.00,0.00,0,0
1441004906,eth1,0.00,244.00,244.00,244,0,0.00,1.00,1.00,1,0,0.00,0.00,0,0
1441004906,s2,0.00,0.00,0.00,0,0,0.00,0.00,0.00,0,0,0.00,0.00,0,0
1441004906,s1-eth2,69498.00,6059036.00,6128534.00,6059036,69498,1053.00,1150.00,2203.00,1150,1053,0.00,0.00,0,0
1441004906,s1-eth1,6059036.00,69498.00,6128534.00,69498,6059036,1150.00,1053.00,2203.00,1053,1150,0.00,0.00,0,0
1441004906,s3,0.00,0.00,0.00,0,0,0.00,0.00,0.00,0,0,0.00,0.00,0,0
1441004906,s2-eth2,69498.00,6059036.00,6128534.00,6059036,69498,1053.00,1150.00,2203.00,1150,1053,0.00,0.00,0,0
1441004906,s2-eth1,6059036.00,69498.00,6128534.00,69498,6059036,1150.00,1053.00,2203.00,1053,1150,0.00,0.00,0,0
1441004906,lo,0.00,0.00,0.00,0,0,0.00,0.00,0.00,0,0,0.00,0.00,0,0
1441004906,s4,0.00,0.00,0.00,0,0,0.00,0.00,0.00,0,0,0.00,0.00,0,0
1441004906,s3-eth2,69498.00,6059036.00,6128534.00,6059036,69498,1053.00,1150.00,2203.00,1150,1053,0.00,0.00,0,0
1441004906,s3-eth1,6059036.00,69498.00,6128534.00,69498,6059036,1150.00,1053.00,2203.00,1053,1150,0.00,0.00,0,0
1441004906,total,18385602.00,18386090.00,36771692.00,18386090,18385602,6609.00,6611.00,13220.00,6611,6609,0.00,0.00,0,0
1441004907,s5,0.00,0.00,0.00,0,0,0.00,0.00,0.00,0,0,0.00,0.00,0,0
1441004907,s1,0.00,0.00,0.00,0,0,0.00,0.00,0.00,0,0,0.00,0.00,0,0
1441004907,eth0,0.00,0.00,0.00,0,0,0.00,0.00,0.00,0,0,0.00,0.00,0,0
1441004907,eth1,0.00,0.00,0.00,0,0,0.00,0.00,0.00,0,0,0.00,0.00,0,0
1441004907,s2,0.00,0.00,0.00,0,0,0.00,0.00,0.00,0,0,0.00,0.00,0,0
1441004907,s1-eth2,68088.00,6039598.00,6107686.00,6039598,68088,1032.00,1031.00,2063.00,1031,1032,0.00,0.00,0,0
1441004907,s1-eth1,6039598.00,68154.00,6107752.00,68154,6039598,1031.00,1033.00,2064.00,1033,1031,0.00,0.00,0,0
1441004907,s3,0.00,0.00,0.00,0,0,0.00,0.00,0.00,0,0,0.00,0.00,0,0
1441004907,s2-eth2,68154.00,6039640.00,6107794.00,6039640,68154,1033.00,1032.00,2065.00,1032,1033,0.00,0.00,0,0
1441004907,s2-eth1,6039598.00,68088.00,6107686.00,68088,6039598,1031.00,1032.00,2063.00,1032,1031,0.00,0.00,0,0
1441004907,lo,1232.00,1232.00,2464.00,1232,1232,15.00,15.00,30.00,15,15,0.00,0.00,0,0
1441004907,s4,0.00,0.00,0.00,0,0,0.00,0.00,0.00,0,0,0.00,0.00,0,0
1441004907,s3-eth2,68154.00,6039640.00,6107794.00,6039640,68154,1033.00,1032.00,2065.00,1032,1033,0.00,0.00,0,0
1441004907,s3-eth1,6039640.00,68154.00,6107794.00,68154,6039640,1032.00,1033.00,2065.00,1033,1032,0.00,0.00,0,0
1441004907,total,18324464.00,18324506.00,36648968.00,18324506,18324464,6207.00,6208.00,12415.00,6208,6207,0.00,0.00,0,0
1441004908,s5,0.00,0.00,0.00,0,0,0.00,0.00,0.00,0,0,0.00,0.00,0,0
1441004908,s1,0.00,0.00,0.00,0,0,0.00,0.00,0.00,0,0,0.00,0.00,0,0
1441004908,eth0,0.00,0.00,0.00,0,0,0.00,0.00,0.00,0,0,0.00,0.00,0,0
1441004908,eth1,0.00,0.00,0.00,0,0,0.00,0.00,0.00,0,0,0.00,0.00,0,0
1441004908,s2,0.00,0.00,0.00,0,0,0.00,0.00,0.00,0,0,0.00,0.00,0,0
1441004908,s1-eth2,68178.00,6051356.00,6119534.00,6051356,68178,1033.00,1034.00,2067.00,1034,1033,0.00,0.00,0,0
1441004908,s1-eth1,6051356.00,68112.00,6119468.00,68112,6051356,1034.00,1032.00,2066.00,1032,1034,0.00,0.00,0,0
1441004908,s3,0.00,0.00,0.00,0,0,0.00,0.00,0.00,0,0,0.00,0.00,0,0
1441004908,s2-eth2,68112.00,6051314.00,6119426.00,6051314,68112,1032.00,1033.00,2065.00,1033,1032,0.00,0.00,0,0
1441004908,s2-eth1,6051356.00,68178.00,6119534.00,68178,6051356,1034.00,1033.00,2067.00,1033,1034,0.00,0.00,0,0
1441004908,lo,0.00,0.00,0.00,0,0,0.00,0.00,0.00,0,0,0.00,0.00,0,0
1441004908,s4,0.00,0.00,0.00,0,0,0.00,0.00,0.00,0,0,0.00,0.00,0,0
1441004908,s3-eth2,68454.00,6051314.00,6119768.00,6051314,68454,1033.00,1033.00,2066.00,1033,1033,0.00,0.00,0,0
1441004908,s3-eth1,6051314.00,68112.00,6119426.00,68112,6051314,1033.00,1032.00,2065.00,1032,1033,0.00,0.00,0,0
1441004908,total,18358770.00,18358386.00,36717156.00,18358386,18358770,6199.00,6197.00,12396.00,6197,6199,0.00,0.00,0,0
1441004909,s5,0.00,0.00,0.00,0,0,0.00,0.00,0.00,0,0,0.00,0.00,0,0
1441004909,s1,0.00,342.00,342.00,342,0,0.00,1.00,1.00,1,0,0.00,0.00,0,0
1441004909,eth0,0.00,0.00,0.00,0,0,0.00,0.00,0.00,0,0,0.00,0.00,0,0
1441004909,eth1,0.00,0.00,0.00,0,0,0.00,0.00,0.00,0,0,0.00,0.00,0,0
1441004909,s2,0.00,0.00,0.00,0,0,0.00,0.00,0.00,0,0,0.00,0.00,0,0
1441004909,s1-eth2,67980.00,6034082.00,6102062.00,6034082,67980,1030.00,1031.00,2061.00,1031,1030,0.00,0.00,0,0
1441004909,s1-eth1,6034082.00,68046.00,6102128.00,68046,6034082,1031.00,1031.00,2062.00,1031,1031,0.00,0.00,0,0
1441004909,s3,0.00,0.00,0.00,0,0,0.00,0.00,0.00,0,0,0.00,0.00,0,0
1441004909,s2-eth2,68046.00,6033740.00,6101786.00,6033740,68046,1031.00,1030.00,2061.00,1030,1031,0.00,0.00,0,0
1441004909,s2-eth1,6034082.00,67980.00,6102062.00,67980,6034082,1031.00,1030.00,2061.00,1030,1031,0.00,0.00,0,0
1441004909,lo,326.00,326.00,652.00,326,326,3.00,3.00,6.00,3,3,0.00,0.00,0,0
1441004909,s4,0.00,0.00,0.00,0,0,0.00,0.00,0.00,0,0,0.00,0.00,0,0
1441004909,s3-eth2,67980.00,6033740.00,6101720.00,6033740,67980,1030.00,1030.00,2060.00,1030,1030,0.00,0.00,0,0
1441004909,s3-eth1,6033740.00,68046.00,6101786.00,68046,6033740,1030.00,1031.00,2061.00,1031,1030,0.00,0.00,0,0
1441004909,total,18306236.00,18306302.00,36612536.00,18306302,18306236,6186.00,6187.00,12373.00,6187,6186,0.00,0.00,0,0
1441004910,s5,0.00,0.00,0.00,0,0,0.00,0.00,0.00,0,0,0.00,0.00,0,0
1441004910,s1,0.00,0.00,0.00,0,0,0.00,0.00,0.00,0,0,0.00,0.00,0,0
1441004910,eth0,0.00,0.00,0.00,0,0,0.00,0.00,0.00,0,0,0.00,0.00,0,0
1441004910,eth1,0.00,0.00,0.00,0,0,0.00,0.00,0.00,0,0,0.00,0.00,0,0
1441004910,s2,0.00,0.00,0.00,0,0,0.00,0.00,0.00,0,0,0.00,0.00,0,0
1441004910,s1-eth2,68178.00,6045456.00,6113634.00,6045456,68178,1033.00,1032.00,2065.00,1032,1033,0.00,0.00,0,0
1441004910,s1-eth1,6045456.00,68112.00,6113568.00,68112,6045456,1032.00,1032.00,2064.00,1032,1032,0.00,0.00,0,0
1441004910,s3,0.00,0.00,0.00,0,0,0.00,0.00,0.00,0,0,0.00,0.00,0,0
1441004910,s2-eth2,68112.00,6045456.00,6113568.00,6045456,68112,1032.00,1032.00,2064.00,1032,1032,0.00,0.00,0,0
1441004910,s2-eth1,6045456.00,68178.00,6113634.00,68178,6045456,1032.00,1033.00,2065.00,1033,1032,0.00,0.00,0,0
1441004910,lo,0.00,0.00,0.00,0,0,0.00,0.00,0.00,0,0,0.00,0.00,0,0
1441004910,s4,0.00,0.00,0.00,0,0,0.00,0.00,0.00,0,0,0.00,0.00,0,0
1441004910,s3-eth2,68178.00,6045456.00,6113634.00,6045456,68178,1033.00,1032.00,2065.00,1032,1033,0.00,0.00,0,0
1441004910,s3-eth1,6045456.00,68112.00,6113568.00,68112,6045456,1032.00,1032.00,2064.00,1032,1032,0.00,0.00,0,0
1441004910,total,18340836.00,18340770.00,36681608.00,18340770,18340836,6194.00,6193.00,12387.00,6193,6194,0.00,0.00,0,0
1441004911,s5,0.00,0.00,0.00,0,0,0.00,0.00,0.00,0,0,0.00,0.00,0,0
1441004911,s1,0.00,0.00,0.00,0,0,0.00,0.00,0.00,0,0,0.00,0.00,0,0
1441004911,eth0,0.00,0.00,0.00,0,0,0.00,0.00,0.00,0,0,0.00,0.00,0,0
1441004911,eth1,0.00,0.00,0.00,0,0,0.00,0.00,0.00,0,0,0.00,0.00,0,0
1441004911,s2,0.00,0.00,0.00,0,0,0.00,0.00,0.00,0,0,0.00,0.00,0,0
1441004911,s1-eth2,68046.00,6045456.00,6113502.00,6045456,68046,1031.00,1032.00,2063.00,1032,1031,0.00,0.00,0,0
1441004911,s1-eth1,6045456.00,68046.00,6113502.00,68046,6045456,1032.00,1031.00,2063.00,1031,1032,0.00,0.00,0,0
1441004911,s3,0.00,0.00,0.00,0,0,0.00,0.00,0.00,0,0,0.00,0.00,0,0
1441004911,s2-eth2,68112.00,6045456.00,6113568.00,6045456,68112,1032.00,1032.00,2064.00,1032,1032,0.00,0.00,0,0
1441004911,s2-eth1,6045456.00,68046.00,6113502.00,68046,6045456,1032.00,1031.00,2063.00,1031,1032,0.00,0.00,0,0
1441004911,lo,0.00,0.00,0.00,0,0,0.00,0.00,0.00,0,0,0.00,0.00,0,0
1441004911,s4,0.00,0.00,0.00,0,0,0.00,0.00,0.00,0,0,0.00,0.00,0,0
1441004911,s3-eth2,68046.00,6045456.00,6113502.00,6045456,68046,1031.00,1032.00,2063.00,1032,1031,0.00,0.00,0,0
1441004911,s3-eth1,6045456.00,68112.00,6113568.00,68112,6045456,1032.00,1032.00,2064.00,1032,1032,0.00,0.00,0,0
1441004911,total,18340572.00,18340572.00,36681144.00,18340572,18340572,6190.00,6190.00,12380.00,6190,6190,0.00,0.00,0,0
1441004912,s5,0.00,0.00,0.00,0,0,0.00,0.00,0.00,0,0,0.00,0.00,0,0
1441004912,s1,0.00,0.00,0.00,0,0,0.00,0.00,0.00,0,0,0.00,0.00,0,0
1441004912,eth0,0.00,209.00,209.00,209,0,0.00,2.00,2.00,2,0,0.00,0.00,0,0
1441004912,eth1,0.00,117.00,117.00,117,0,0.00,1.00,1.00,1,0,0.00,0.00,0,0
1441004912,s2,0.00,0.00,0.00,0,0,0.00,0.00,0.00,0,0,0.00,0.00,0,0
1441004912,s1-eth2,68046.00,6039598.00,6107644.00,6039598,68046,1031.00,1031.00,2062.00,1031,1031,0.00,0.00,0,0
1441004912,s1-eth1,6039598.00,68112.00,6107710.00,68112,6039598,1031.00,1032.00,2063.00,1032,1031,0.00,0.00,0,0
1441004912,s3,0.00,342.00,342.00,342,0,0.00,1.00,1.00,1,0,0.00,0.00,0,0
1441004912,s2-eth2,68388.00,6039598.00,6107986.00,6039598,68388,1032.00,1031.00,2063.00,1031,1032,0.00,0.00,0,0
1441004912,s2-eth1,6045456.00,68046.00,6113502.00,68046,6045456,1032.00,1031.00,2063.00,1031,1032,0.00,0.00,0,0
1441004912,lo,1014.00,1014.00,2028.00,1014,1014,15.00,15.00,30.00,15,15,0.00,0.00,0,0
1441004912,s4,0.00,0.00,0.00,0,0,0.00,0.00,0.00,0,0,0.00,0.00,0,0
1441004912,s3-eth2,68388.00,6039598.00,6107986.00,6039598,68388,1032.00,1031.00,2063.00,1031,1032,0.00,0.00,0,0
1441004912,s3-eth1,6039598.00,68388.00,6107986.00,68388,6039598,1031.00,1032.00,2063.00,1032,1031,0.00,0.00,0,0
1441004912,total,18330488.00,18325022.00,36655512.00,18325022,18330488,6204.00,6207.00,12411.00,6207,6204,0.00,0.00,0,0
1441004913,s5,0.00,0.00,0.00,0,0,0.00,0.00,0.00,0,0,0.00,0.00,0,0
1441004913,s1,0.00,0.00,0.00,0,0,0.00,0.00,0.00,0,0,0.00,0.00,0,0
1441004913,eth0,0.00,209.00,209.00,209,0,0.00,2.00,2.00,2,0,0.00,0.00,0,0
1441004913,eth1,0.00,209.00,209.00,209,0,0.00,2.00,2.00,2,0,0.00,0.00,0,0
1441004913,s2,0.00,0.00,0.00,0,0,0.00,0.00,0.00,0,0,0.00,0.00,0,0
1441004913,s1-eth2,68046.00,6045456.00,6113502.00,6045456,68046,1031.00,1032.00,2063.00,1032,1031,0.00,0.00,0,0
1441004913,s1-eth1,6039598.00,68046.00,6107644.00,68046,6039598,1031.00,1031.00,2062.00,1031,1031,0.00,0.00,0,0
1441004913,s3,0.00,0.00,0.00,0,0,0.00,0.00,0.00,0,0,0.00,0.00,0,0
1441004913,s2-eth2,68046.00,6039598.00,6107644.00,6039598,68046,1031.00,1031.00,2062.00,1031,1031,0.00,0.00,0,0
1441004913,s2-eth1,6039598.00,68046.00,6107644.00,68046,6039598,1031.00,1031.00,2062.00,1031,1031,0.00,0.00,0,0
1441004913,lo,0.00,0.00,0.00,0,0,0.00,0.00,0.00,0,0,0.00,0.00,0,0
1441004913,s4,0.00,0.00,0.00,0,0,0.00,0.00,0.00,0,0,0.00,0.00,0,0
1441004913,s3-eth2,68112.00,6039598.00,6107710.00,6039598,68112,1032.00,1031.00,2063.00,1031,1032,0.00,0.00,0,0
1441004913,s3-eth1,6039598.00,68046.00,6107644.00,68046,6039598,1031.00,1031.00,2062.00,1031,1031,0.00,0.00,0,0
1441004913,total,18322998.00,18329208.00,36652208.00,18329208,18322998,6187.00,6191.00,12378.00,6191,6187,0.00,0.00,0,0
1441004914,s5,0.00,0.00,0.00,0,0,0.00,0.00,0.00,0,0,0.00,0.00,0,0
1441004914,s1,0.00,0.00,0.00,0,0,0.00,0.00,0.00,0,0,0.00,0.00,0,0
1441004914,eth0,0.00,0.00,0.00,0,0,0.00,0.00,0.00,0,0,0.00,0.00,0,0
1441004914,eth1,0.00,92.00,92.00,92,0,0.00,1.00,1.00,1,0,0.00,0.00,0,0
1441004914,s2,0.00,0.00,0.00,0,0,0.00,0.00,0.00,0,0,0.00,0.00,0,0
1441004914,s1-eth2,68244.00,6050988.00,6119232.00,6050988,68244,1034.00,1050.00,2084.00,1050,1034,0.00,0.00,0,0
1441004914,s1-eth1,6052106.00,68244.00,6120350.00,68244,6052106,1045.00,1034.00,2079.00,1034,1045,0.00,0.00,0,0
1441004914,s3,0.00,0.00,0.00,0,0,0.00,0.00,0.00,0,0,0.00,0.00,0,0
1441004914,s2-eth2,68178.00,6052766.00,6120944.00,6052766,68178,1033.00,1055.00,2088.00,1055,1033,0.00,0.00,0,0
1441004914,s2-eth1,6050988.00,68244.00,6119232.00,68244,6050988,1050.00,1034.00,2084.00,1034,1050,0.00,0.00,0,0
1441004914,lo,172.00,172.00,344.00,172,172,3.00,3.00,6.00,3,3,0.00,0.00,0,0
1441004914,s4,0.00,0.00,0.00,0,0,0.00,0.00,0.00,0,0,0.00,0.00,0,0
1441004914,s3-eth2,68112.00,6053096.00,6121208.00,6053096,68112,1032.00,1060.00,2092.00,1060,1032,0.00,0.00,0,0
1441004914,s3-eth1,6052766.00,68178.00,6120944.00,68178,6052766,1055.00,1033.00,2088.00,1033,1055,0.00,0.00,0,0
1441004914,total,18360566.00,18361780.00,36722344.00,18361780,18360566,6252.00,6270.00,12522.00,6270,6252,0.00,0.00,0,0
1441004915,s5,0.00,0.00,0.00,0,0,0.00,0.00,0.00,0,0,0.00,0.00,0,0
1441004915,s1,0.00,342.00,342.00,342,0,0.00,1.00,1.00,1,0,0.00,0.00,0,0
1441004915,eth0,0.00,0.00,0.00,0,0,0.00,0.00,0.00,0,0,0.00,0.00,0,0
1441004915,eth1,0.00,0.00,0.00,0,0,0.00,0.00,0.00,0,0,0.00,0.00,0,0
1441004915,s2,0.00,684.00,684.00,684,0,0.00,2.00,2.00,2,0,0.00,0.00,0,0
1441004915,s1-eth2,69642.00,6054922.00,6124564.00,6054922,69642,1051.00,1259.00,2310.00,1259,1051,0.00,0.00,0,0
1441004915,s1-eth1,6057950.00,69300.00,6127250.00,69300,6057950,1261.00,1050.00,2311.00,1050,1261,0.00,0.00,0,0
1441004915,s3,0.00,342.00,342.00,342,0,0.00,1.00,1.00,1,0,0.00,0.00,0,0
1441004915,s2-eth2,69708.00,6054856.00,6124564.00,6054856,69708,1052.00,1258.00,2310.00,1258,1052,0.00,0.00,0,0
1441004915,s2-eth1,6059332.00,69642.00,6128974.00,69642,6059332,1260.00,1051.00,2311.00,1051,1260,0.00,0.00,0,0
1441004915,lo,1304.00,1304.00,2608.00,1304,1304,12.00,12.00,24.00,12,12,0.00,0.00,0,0
1441004915,s4,0.00,0.00,0.00,0,0,0.00,0.00,0.00,0,0,0.00,0.00,0,0
1441004915,s3-eth2,69774.00,6055896.00,6125670.00,6055896,69774,1053.00,1256.00,2309.00,1256,1053,0.00,0.00,0,0
1441004915,s3-eth1,6054856.00,69708.00,6124564.00,69708,6054856,1258.00,1052.00,2310.00,1052,1258,0.00,0.00,0,0
1441004915,total,18382566.00,18376996.00,36759560.00,18376996,18382566,6947.00,6942.00,13889.00,6942,6947,0.00,0.00,0,0
1441004916,s5,0.00,0.00,0.00,0,0,0.00,0.00,0.00,0,0,0.00,0.00,0,0
1441004916,s1,0.00,0.00,0.00,0,0,0.00,0.00,0.00,0,0,0.00,0.00,0,0
1441004916,eth0,0.00,117.00,117.00,117,0,0.00,1.00,1.00,1,0,0.00,0.00,0,0
1441004916,eth1,0.00,117.00,117.00,117,0,0.00,1.00,1.00,1,0,0.00,0.00,0,0
1441004916,s2,0.00,0.00,0.00,0,0,0.00,0.00,0.00,0,0,0.00,0.00,0,0
1441004916,s1-eth2,78276.00,6059700.00,6137976.00,6059700,78276,1186.00,1182.00,2368.00,1182,1186,0.00,0.00,0,0
1441004916,s1-eth1,6055896.00,78276.00,6134172.00,78276,6055896,1186.00,1186.00,2372.00,1186,1186,0.00,0.00,0,0
1441004916,s3,0.00,0.00,0.00,0,0,0.00,0.00,0.00,0,0,0.00,0.00,0,0
1441004916,s2-eth2,78276.00,6057988.00,6136264.00,6057988,78276,1186.00,1178.00,2364.00,1178,1186,0.00,0.00,0,0
1441004916,s2-eth1,6055290.00,78342.00,6133632.00,78342,6055290,1181.00,1187.00,2368.00,1187,1181,0.00,0.00,0,0
1441004916,lo,0.00,0.00,0.00,0,0,0.00,0.00,0.00,0,0,0.00,0.00,0,0
1441004916,s4,0.00,0.00,0.00,0,0,0.00,0.00,0.00,0,0,0.00,0.00,0,0
1441004916,s3-eth2,78276.00,6056276.00,6134552.00,6056276,78276,1186.00,1174.00,2360.00,1174,1186,0.00,0.00,0,0
1441004916,s3-eth1,6057988.00,78276.00,6136264.00,78276,6057988,1178.00,1186.00,2364.00,1186,1178,0.00,0.00,0,0
1441004916,total,18404002.00,18409092.00,36813096.00,18409092,18404002,7103.00,7095.00,14198.00,7095,7103,0.00,0.00,0,0
1441004917,s5,0.00,0.00,0.00,0,0,0.00,0.00,0.00,0,0,0.00,0.00,0,0
1441004917,s1,0.00,0.00,0.00,0,0,0.00,0.00,0.00,0,0,0.00,0.00,0,0
1441004917,eth0,0.00,0.00,0.00,0,0,0.00,0.00,0.00,0,0,0.00,0.00,0,0
1441004917,eth1,0.00,0.00,0.00,0,0,0.00,0.00,0.00,0,0,0.00,0.00,0,0
1441004917,s2,0.00,0.00,0.00,0,0,0.00,0.00,0.00,0,0,0.00,0.00,0,0
1441004917,s1-eth2,68112.00,6045456.00,6113568.00,6045456,68112,1032.00,1032.00,2064.00,1032,1032,0.00,0.00,0,0
1441004917,s1-eth1,6045456.00,68112.00,6113568.00,68112,6045456,1032.00,1032.00,2064.00,1032,1032,0.00,0.00,0,0
1441004917,s3,0.00,0.00,0.00,0,0,0.00,0.00,0.00,0,0,0.00,0.00,0,0
1441004917,s2-eth2,68112.00,6045456.00,6113568.00,6045456,68112,1032.00,1032.00,2064.00,1032,1032,0.00,0.00,0,0
1441004917,s2-eth1,6045456.00,68046.00,6113502.00,68046,6045456,1032.00,1031.00,2063.00,1031,1032,0.00,0.00,0,0
1441004917,lo,344.00,344.00,688.00,344,344,6.00,6.00,12.00,6,6,0.00,0.00,0,0
1441004917,s4,0.00,0.00,0.00,0,0,0.00,0.00,0.00,0,0,0.00,0.00,0,0
1441004917,s3-eth2,68046.00,6045456.00,6113502.00,6045456,68046,1031.00,1032.00,2063.00,1032,1031,0.00,0.00,0,0
1441004917,s3-eth1,6045456.00,68112.00,6113568.00,68112,6045456,1032.00,1032.00,2064.00,1032,1032,0.00,0.00,0,0
1441004917,total,18340982.00,18340982.00,36681964.00,18340982,18340982,6197.00,6197.00,12394.00,6197,6197,0.00,0.00,0,0
1441004918,s5,0.00,0.00,0.00,0,0,0.00,0.00,0.00,0,0,0.00,0.00,0,0
1441004918,s1,0.00,107.00,107.00,107,0,0.00,1.00,1.00,1,0,0.00,0.00,0,0
1441004918,eth0,0.00,0.00,0.00,0,0,0.00,0.00,0.00,0,0,0.00,0.00,0,0
1441004918,eth1,0.00,0.00,0.00,0,0,0.00,0.00,0.00,0,0,0.00,0.00,0,0
1441004918,s2,0.00,0.00,0.00,0,0,0.00,0.00,0.00,0,0,0.00,0.00,0,0
1441004918,s1-eth2,68178.00,6051421.00,6119599.00,6051421,68178,1033.00,1034.00,2067.00,1034,1033,0.00,0.00,0,0
1441004918,s1-eth1,6051528.00,68112.00,6119640.00,68112,6051528,1035.00,1032.00,2067.00,1032,1035,0.00,0.00,0,0
1441004918,s3,0.00,0.00,0.00,0,0,0.00,0.00,0.00,0,0,0.00,0.00,0,0
1441004918,s2-eth2,68112.00,6051314.00,6119426.00,6051314,68112,1032.00,1033.00,2065.00,1033,1032,0.00,0.00,0,0
1441004918,s2-eth1,6051421.00,68178.00,6119599.00,68178,6051421,1034.00,1033.00,2067.00,1033,1034,0.00,0.00,0,0
1441004918,lo,305.00,305.00,610.00,305,305,3.00,3.00,6.00,3,3,0.00,0.00,0,0
1441004918,s4,0.00,0.00,0.00,0,0,0.00,0.00,0.00,0,0,0.00,0.00,0,0
1441004918,s3-eth2,68285.00,6051314.00,6119599.00,6051314,68285,1034.00,1033.00,2067.00,1033,1034,0.00,0.00,0,0
1441004918,s3-eth1,6051314.00,68112.00,6119426.00,68112,6051314,1033.00,1032.00,2065.00,1032,1033,0.00,0.00,0,0
1441004918,total,18359144.00,18358864.00,36718008.00,18358863,18359143,6204.00,6201.00,12405.00,6201,6204,0.00,0.00,0,0
1441004919,s5,0.00,0.00,0.00,0,0,0.00,0.00,0.00,0,0,0.00,0.00,0,0
1441004919,s1,0.00,107.00,107.00,107,0,0.00,1.00,1.00,1,0,0.00,0.00,0,0
1441004919,eth0,0.00,0.00,0.00,0,0,0.00,0.00,0.00,0,0,0.00,0.00,0,0
1441004919,eth1,0.00,0.00,0.00,0,0,0.00,0.00,0.00,0,0,0.00,0.00,0,0
1441004919,s2,0.00,214.00,214.00,214,0,0.00,2.00,2.00,2,0,0.00,0.00,0,0
1441004919,s1-eth2,68153.00,6039705.00,6107858.00,6039705,68153,1032.00,1032.00,2064.00,1032,1032,0.00,0.00,0,0
1441004919,s1-eth1,6039705.00,68046.00,6107751.00,68046,6039705,1032.00,1031.00,2063.00,1031,1032,0.00,0.00,0,0
1441004919,s3,0.00,556.00,556.00,556,0,0.00,3.00,3.00,3,0,0.00,0.00,0,0
1441004919,s2-eth2,68668.00,6039705.00,6108373.00,6039705,68668,1035.00,1032.00,2067.00,1032,1035,0.00,0.00,0,0
1441004919,s2-eth1,6039705.00,68153.00,6107858.00,68153,6039705,1032.00,1032.00,2064.00,1032,1032,0.00,0.00,0,0
1441004919,lo,1851.00,1851.00,3702.00,1851,1851,18.00,18.00,36.00,18,18,0.00,0.00,0,0
1441004919,s4,0.00,0.00,0.00,0,0,0.00,0.00,0.00,0,0,0.00,0.00,0,0
1441004919,s3-eth2,68602.00,6039598.00,6108200.00,6039598,68602,1034.00,1031.00,2065.00,1031,1034,0.00,0.00,0,0
1441004919,s3-eth1,6039705.00,68668.00,6108373.00,68668,6039705,1032.00,1035.00,2067.00,1035,1032,0.00,0.00,0,0
1441004919,total,18326388.00,18326604.00,36652992.00,18326603,18326389,6215.00,6217.00,12432.00,6217,6215,0.00,0.00,0,0
1441004920,s5,0.00,0.00,0.00,0,0,0.00,0.00,0.00,0,0,0.00,0.00,0,0
1441004920,s1,0.00,0.00,0.00,0,0,0.00,0.00,0.00,0,0,0.00,0.00,0,0
1441004920,eth0,0.00,0.00,0.00,0,0,0.00,0.00,0.00,0,0,0.00,0.00,0,0
1441004920,eth1,0.00,0.00,0.00,0,0,0.00,0.00,0.00,0,0,0.00,0.00,0,0
1441004920,s2,0.00,0.00,0.00,0,0,0.00,0.00,0.00,0,0,0.00,0.00,0,0
1441004920,s1-eth2,68112.00,6045456.00,6113568.00,6045456,68112,1032.00,1032.00,2064.00,1032,1032,0.00,0.00,0,0
1441004920,s1-eth1,6045456.00,68178.00,6113634.00,68178,6045456,1032.00,1033.00,2065.00,1033,1032,0.00,0.00,0,0
1441004920,s3,0.00,0.00,0.00,0,0,0.00,0.00,0.00,0,0,0.00,0.00,0,0
1441004920,s2-eth2,68112.00,6045456.00,6113568.00,6045456,68112,1032.00,1032.00,2064.00,1032,1032,0.00,0.00,0,0
1441004920,s2-eth1,6045456.00,68112.00,6113568.00,68112,6045456,1032.00,1032.00,2064.00,1032,1032,0.00,0.00,0,0
1441004920,lo,0.00,0.00,0.00,0,0,0.00,0.00,0.00,0,0,0.00,0.00,0,0
1441004920,s4,0.00,0.00,0.00,0,0,0.00,0.00,0.00,0,0,0.00,0.00,0,0
1441004920,s3-eth2,68178.00,6045456.00,6113634.00,6045456,68178,1033.00,1032.00,2065.00,1032,1033,0.00,0.00,0,0
1441004920,s3-eth1,6045456.00,68112.00,6113568.00,68112,6045456,1032.00,1032.00,2064.00,1032,1032,0.00,0.00,0,0
1441004920,total,18340770.00,18340770.00,36681540.00,18340770,18340770,6193.00,6193.00,12386.00,6193,6193,0.00,0.00,0,0
1441004921,s5,0.00,0.00,0.00,0,0,0.00,0.00,0.00,0,0,0.00,0.00,0,0
1441004921,s1,0.00,0.00,0.00,0,0,0.00,0.00,0.00,0,0,0.00,0.00,0,0
1441004921,eth0,0.00,0.00,0.00,0,0,0.00,0.00,0.00,0,0,0.00,0.00,0,0
1441004921,eth1,0.00,0.00,0.00,0,0,0.00,0.00,0.00,0,0,0.00,0.00,0,0
1441004921,s2,0.00,0.00,0.00,0,0,0.00,0.00,0.00,0,0,0.00,0.00,0,0
1441004921,s1-eth2,68112.00,6045456.00,6113568.00,6045456,68112,1032.00,1032.00,2064.00,1032,1032,0.00,0.00,0,0
1441004921,s1-eth1,6045456.00,68046.00,6113502.00,68046,6045456,1032.00,1031.00,2063.00,1031,1032,0.00,0.00,0,0
1441004921,s3,0.00,0.00,0.00,0,0,0.00,0.00,0.00,0,0,0.00,0.00,0,0
1441004921,s2-eth2,68046.00,6045456.00,6113502.00,6045456,68046,1031.00,1032.00,2063.00,1032,1031,0.00,0.00,0,0
1441004921,s2-eth1,6045456.00,68112.00,6113568.00,68112,6045456,1032.00,1032.00,2064.00,1032,1032,0.00,0.00,0,0
1441004921,lo,0.00,0.00,0.00,0,0,0.00,0.00,0.00,0,0,0.00,0.00,0,0
1441004921,s4,0.00,0.00,0.00,0,0,0.00,0.00,0.00,0,0,0.00,0.00,0,0
1441004921,s3-eth2,68046.00,6045456.00,6113502.00,6045456,68046,1031.00,1032.00,2063.00,1032,1031,0.00,0.00,0,0
1441004921,s3-eth1,6045456.00,68046.00,6113502.00,68046,6045456,1032.00,1031.00,2063.00,1031,1032,0.00,0.00,0,0
1441004921,total,18340572.00,18340572.00,36681144.00,18340572,18340572,6190.00,6190.00,12380.00,6190,6190,0.00,0.00,0,0
1441004922,s5,0.00,0.00,0.00,0,0,0.00,0.00,0.00,0,0,0.00,0.00,0,0
1441004922,s1,0.00,0.00,0.00,0,0,0.00,0.00,0.00,0,0,0.00,0.00,0,0
1441004922,eth0,0.00,0.00,0.00,0,0,0.00,0.00,0.00,0,0,0.00,0.00,0,0
1441004922,eth1,0.00,0.00,0.00,0,0,0.00,0.00,0.00,0,0,0.00,0.00,0,0
1441004922,s2,0.00,0.00,0.00,0,0,0.00,0.00,0.00,0,0,0.00,0.00,0,0
1441004922,s1-eth2,68112.00,6045456.00,6113568.00,6045456,68112,1032.00,1032.00,2064.00,1032,1032,0.00,0.00,0,0
1441004922,s1-eth1,6045456.00,68178.00,6113634.00,68178,6045456,1032.00,1033.00,2065.00,1033,1032,0.00,0.00,0,0
1441004922,s3,0.00,0.00,0.00,0,0,0.00,0.00,0.00,0,0,0.00,0.00,0,0
1441004922,s2-eth2,68178.00,6045456.00,6113634.00,6045456,68178,1033.00,1032.00,2065.00,1032,1033,0.00,0.00,0,0
1441004922,s2-eth1,6045456.00,68112.00,6113568.00,68112,6045456,1032.00,1032.00,2064.00,1032,1032,0.00,0.00,0,0
1441004922,lo,344.00,344.00,688.00,344,344,6.00,6.00,12.00,6,6,0.00,0.00,0,0
1441004922,s4,0.00,0.00,0.00,0,0,0.00,0.00,0.00,0,0,0.00,0.00,0,0
1441004922,s3-eth2,68112.00,6045456.00,6113568.00,6045456,68112,1032.00,1032.00,2064.00,1032,1032,0.00,0.00,0,0
1441004922,s3-eth1,6045456.00,68178.00,6113634.00,68178,6045456,1032.00,1033.00,2065.00,1033,1032,0.00,0.00,0,0
1441004922,total,18341114.00,18341180.00,36682296.00,18341180,18341114,6199.00,6200.00,12399.00,6200,6199,0.00,0.00,0,0
1441004923,s5,0.00,0.00,0.00,0,0,0.00,0.00,0.00,0,0,0.00,0.00,0,0
1441004923,s1,0.00,0.00,0.00,0,0,0.00,0.00,0.00,0,0,0.00,0.00,0,0
1441004923,eth0,0.00,0.00,0.00,0,0,0.00,0.00,0.00,0,0,0.00,0.00,0,0
1441004923,eth1,0.00,0.00,0.00,0,0,0.00,0.00,0.00,0,0,0.00,0.00,0,0
1441004923,s2,0.00,0.00,0.00,0,0,0.00,0.00,0.00,0,0,0.00,0.00,0,0
1441004923,s1-eth2,74250.00,6062038.00,6136288.00,6062038,74250,1125.00,1371.00,2496.00,1371,1125,0.00,0.00,0,0
1441004923,s1-eth1,6062038.00,74250.00,6136288.00,74250,6062038,1371.00,1125.00,2496.00,1125,1371,0.00,0.00,0,0
1441004923,s3,0.00,0.00,0.00,0,0,0.00,0.00,0.00,0,0,0.00,0.00,0,0
1441004923,s2-eth2,74250.00,6060788.00,6135038.00,6060788,74250,1125.00,1374.00,2499.00,1374,1125,0.00,0.00,0,0
1441004923,s2-eth1,6062038.00,74250.00,6136288.00,74250,6062038,1371.00,1125.00,2496.00,1125,1371,0.00,0.00,0,0
1441004923,lo,0.00,0.00,0.00,0,0,0.00,0.00,0.00,0,0,0.00,0.00,0,0
1441004923,s4,0.00,0.00,0.00,0,0,0.00,0.00,0.00,0,0,0.00,0.00,0,0
1441004923,s3-eth2,74316.00,6061382.00,6135698.00,6061382,74316,1126.00,1383.00,2509.00,1383,1126,0.00,0.00,0,0
1441004923,s3-eth1,6060788.00,74250.00,6135038.00,74250,6060788,1374.00,1125.00,2499.00,1125,1374,0.00,0.00,0,0
1441004923,total,18407680.00,18406958.00,36814640.00,18406958,18407680,7492.00,7503.00,14995.00,7503,7492,0.00,0.00,0,0
1441004924,s5,0.00,0.00,0.00,0,0,0.00,0.00,0.00,0,0,0.00,0.00,0,0
1441004924,s1,0.00,0.00,0.00,0,0,0.00,0.00,0.00,0,0,0.00,0.00,0,0
1441004924,eth0,0.00,92.00,92.00,92,0,0.00,1.00,1.00,1,0,0.00,0.00,0,0
1441004924,eth1,0.00,0.00,0.00,0,0,0.00,0.00,0.00,0,0,0.00,0.00,0,0
1441004924,s2,0.00,0.00,0.00,0,0,0.00,0.00,0.00,0,0,0.00,0.00,0,0
1441004924,s1-eth2,78210.00,6048186.00,6126396.00,6048186,78210,1185.00,1205.00,2390.00,1205,1185,0.00,0.00,0,0
1441004924,s1-eth1,6048186.00,78144.00,6126330.00,78144,6048186,1205.00,1184.00,2389.00,1184,1205,0.00,0.00,0,0
1441004924,s3,0.00,0.00,0.00,0,0,0.00,0.00,0.00,0,0,0.00,0.00,0,0
1441004924,s2-eth2,78144.00,6055294.00,6133438.00,6055294,78144,1184.00,1203.00,2387.00,1203,1184,0.00,0.00,0,0
1441004924,s2-eth1,6048186.00,78210.00,6126396.00,78210,6048186,1205.00,1185.00,2390.00,1185,1205,0.00,0.00,0,0
1441004924,lo,516.00,516.00,1032.00,516,516,9.00,9.00,18.00,9,9,0.00,0.00,0,0
1441004924,s4,0.00,0.00,0.00,0,0,0.00,0.00,0.00,0,0,0.00,0.00,0,0
1441004924,s3-eth2,78144.00,6048842.00,6126986.00,6048842,78144,1184.00,1193.00,2377.00,1193,1184,0.00,0.00,0,0
1441004924,s3-eth1,6055294.00,78144.00,6133438.00,78144,6055294,1203.00,1184.00,2387.00,1184,1203,0.00,0.00,0,0
1441004924,total,18386680.00,18387428.00,36774108.00,18387428,18386680,7175.00,7164.00,14339.00,7164,7175,0.00,0.00,0,0
1441004925,s5,0.00,0.00,0.00,0,0,0.00,0.00,0.00,0,0,0.00,0.00,0,0
1441004925,s1,0.00,0.00,0.00,0,0,0.00,0.00,0.00,0,0,0.00,0.00,0,0
1441004925,eth0,0.00,209.00,209.00,209,0,0.00,2.00,2.00,2,0,0.00,0.00,0,0
1441004925,eth1,0.00,209.00,209.00,209,0,0.00,2.00,2.00,2,0,0.00,0.00,0,0
1441004925,s2,0.00,0.00,0.00,0,0,0.00,0.00,0.00,0,0,0.00,0.00,0,0
1441004925,s1-eth2,68046.00,6045456.00,6113502.00,6045456,68046,1031.00,1032.00,2063.00,1032,1031,0.00,0.00,0,0
1441004925,s1-eth1,6045456.00,68112.00,6113568.00,68112,6045456,1032.00,1032.00,2064.00,1032,1032,0.00,0.00,0,0
1441004925,s3,0.00,0.00,0.00,0,0,0.00,0.00,0.00,0,0,0.00,0.00,0,0
1441004925,s2-eth2,68112.00,6039598.00,6107710.00,6039598,68112,1032.00,1031.00,2063.00,1031,1032,0.00,0.00,0,0
1441004925,s2-eth1,6045456.00,68046.00,6113502.00,68046,6045456,1032.00,1031.00,2063.00,1031,1032,0.00,0.00,0,0
1441004925,lo,0.00,0.00,0.00,0,0,0.00,0.00,0.00,0,0,0.00,0.00,0,0
1441004925,s4,0.00,0.00,0.00,0,0,0.00,0.00,0.00,0,0,0.00,0.00,0,0
1441004925,s3-eth2,68112.00,6045456.00,6113568.00,6045456,68112,1032.00,1032.00,2064.00,1032,1032,0.00,0.00,0,0
1441004925,s3-eth1,6039598.00,68112.00,6107710.00,68112,6039598,1031.00,1032.00,2063.00,1032,1031,0.00,0.00,0,0
1441004925,total,18334780.00,18335198.00,36669976.00,18335198,18334780,6190.00,6194.00,12384.00,6194,6190,0.00,0.00,0,0
1441004926,s5,0.00,0.00,0.00,0,0,0.00,0.00,0.00,0,0,0.00,0.00,0,0
1441004926,s1,0.00,342.00,342.00,342,0,0.00,1.00,1.00,1,0,0.00,0.00,0,0
1441004926,eth0,0.00,0.00,0.00,0,0,0.00,0.00,0.00,0,0,0.00,0.00,0,0
1441004926,eth1,0.00,92.00,92.00,92,0,0.00,1.00,1.00,1,0,0.00,0.00,0,0
1441004926,s2,0.00,0.00,0.00,0,0,0.00,0.00,0.00,0,0,0.00,0.00,0,0
1441004926,s1-eth2,67782.00,6016508.00,6084290.00,6016508,67782,1027.00,1028.00,2055.00,1028,1027,0.00,0.00,0,0
1441004926,s1-eth1,6016508.00,67716.00,6084224.00,67716,6016508,1028.00,1026.00,2054.00,1026,1028,0.00,0.00,0,0
1441004926,s3,0.00,0.00,0.00,0,0,0.00,0.00,0.00,0,0,0.00,0.00,0,0
1441004926,s2-eth2,67716.00,6016166.00,6083882.00,6016166,67716,1026.00,1027.00,2053.00,1027,1026,0.00,0.00,0,0
1441004926,s2-eth1,6016508.00,67782.00,6084290.00,67782,6016508,1028.00,1027.00,2055.00,1027,1028,0.00,0.00,0,0
1441004926,lo,326.00,326.00,652.00,326,326,3.00,3.00,6.00,3,3,0.00,0.00,0,0
1441004926,s4,0.00,0.00,0.00,0,0,0.00,0.00,0.00,0,0,0.00,0.00,0,0
1441004926,s3-eth2,67716.00,6016166.00,6083882.00,6016166,67716,1026.00,1027.00,2053.00,1027,1026,0.00,0.00,0,0
1441004926,s3-eth1,6016166.00,67716.00,6083882.00,67716,6016166,1027.00,1026.00,2053.00,1026,1027,0.00,0.00,0,0
1441004926,total,18252722.00,18252814.00,36505536.00,18252814,18252722,6165.00,6166.00,12331.00,6166,6165,0.00,0.00,0,0
1441004927,s5,0.00,0.00,0.00,0,0,0.00,0.00,0.00,0,0,0.00,0.00,0,0
1441004927,s1,0.00,0.00,0.00,0,0,0.00,0.00,0.00,0,0,0.00,0.00,0,0
1441004927,eth0,0.00,0.00,0.00,0,0,0.00,0.00,0.00,0,0,0.00,0.00,0,0
1441004927,eth1,0.00,0.00,0.00,0,0,0.00,0.00,0.00,0,0,0.00,0.00,0,0
1441004927,s2,0.00,0.00,0.00,0,0,0.00,0.00,0.00,0,0,0.00,0.00,0,0
1441004927,s1-eth2,68046.00,6045456.00,6113502.00,6045456,68046,1031.00,1032.00,2063.00,1032,1031,0.00,0.00,0,0
1441004927,s1-eth1,6039940.00,68046.00,6107986.00,68046,6039940,1032.00,1031.00,2063.00,1031,1032,0.00,0.00,0,0
1441004927,s3,0.00,0.00,0.00,0,0,0.00,0.00,0.00,0,0,0.00,0.00,0,0
1441004927,s2-eth2,68112.00,6045456.00,6113568.00,6045456,68112,1032.00,1032.00,2064.00,1032,1032,0.00,0.00,0,0
1441004927,s2-eth1,6045456.00,68046.00,6113502.00,68046,6045456,1032.00,1031.00,2063.00,1031,1032,0.00,0.00,0,0
1441004927,lo,344.00,344.00,688.00,344,344,6.00,6.00,12.00,6,6,0.00,0.00,0,0
1441004927,s4,0.00,0.00,0.00,0,0,0.00,0.00,0.00,0,0,0.00,0.00,0,0
1441004927,s3-eth2,68046.00,6045456.00,6113502.00,6045456,68046,1031.00,1032.00,2063.00,1032,1031,0.00,0.00,0,0
1441004927,s3-eth1,6045456.00,68112.00,6113568.00,68112,6045456,1032.00,1032.00,2064.00,1032,1032,0.00,0.00,0,0
1441004927,total,18335400.00,18340916.00,36676316.00,18340916,18335400,6196.00,6196.00,12392.00,6196,6196,0.00,0.00,0,0
1441004928,s5,0.00,0.00,0.00,0,0,0.00,0.00,0.00,0,0,0.00,0.00,0,0
1441004928,s1,0.00,342.00,342.00,342,0,0.00,1.00,1.00,1,0,0.00,0.00,0,0
1441004928,eth0,0.00,0.00,0.00,0,0,0.00,0.00,0.00,0,0,0.00,0.00,0,0
1441004928,eth1,0.00,0.00,0.00,0,0,0.00,0.00,0.00,0,0,0.00,0.00,0,0
1441004928,s2,0.00,342.00,342.00,342,0,0.00,1.00,1.00,1,0,0.00,0.00,0,0
1441004928,s1-eth2,68220.00,6051698.00,6119918.00,6051698,68220,1034.00,1035.00,2069.00,1035,1034,0.00,0.00,0,0
1441004928,s1-eth1,6051698.00,68220.00,6119918.00,68220,6051698,1035.00,1034.00,2069.00,1034,1035,0.00,0.00,0,0
1441004928,s3,0.00,0.00,0.00,0,0,0.00,0.00,0.00,0,0,0.00,0.00,0,0
1441004928,s2-eth2,68154.00,6051698.00,6119852.00,6051698,68154,1033.00,1035.00,2068.00,1035,1033,0.00,0.00,0,0
1441004928,s2-eth1,6051698.00,68220.00,6119918.00,68220,6051698,1035.00,1034.00,2069.00,1034,1035,0.00,0.00,0,0
1441004928,lo,712.00,712.00,1424.00,712,712,7.00,7.00,14.00,7,7,0.00,0.00,0,0
1441004928,s4,0.00,0.00,0.00,0,0,0.00,0.00,0.00,0,0,0.00,0.00,0,0
1441004928,s3-eth2,68220.00,6051356.00,6119576.00,6051356,68220,1034.00,1034.00,2068.00,1034,1034,0.00,0.00,0,0
1441004928,s3-eth1,6051698.00,68154.00,6119852.00,68154,6051698,1035.00,1033.00,2068.00,1033,1035,0.00,0.00,0,0
1441004928,total,18360400.00,18360742.00,36721144.00,18360742,18360400,6213.00,6214.00,12427.00,6214,6213,0.00,0.00,0,0
1441004929,s5,0.00,0.00,0.00,0,0,0.00,0.00,0.00,0,0,0.00,0.00,0,0
1441004929,s1,0.00,0.00,0.00,0,0,0.00,0.00,0.00,0,0,0.00,0.00,0,0
1441004929,eth0,0.00,0.00,0.00,0,0,0.00,0.00,0.00,0,0,0.00,0.00,0,0
1441004929,eth1,0.00,0.00,0.00,0,0,0.00,0.00,0.00,0,0,0.00,0.00,0,0
1441004929,s2,0.00,0.00,0.00,0,0,0.00,0.00,0.00,0,0,0.00,0.00,0,0
1441004929,s1-eth2,68046.00,6039598.00,6107644.00,6039598,68046,1031.00,1031.00,2062.00,1031,1031,0.00,0.00,0,0
1441004929,s1-eth1,6039598.00,68046.00,6107644.00,68046,6039598,1031.00,1031.00,2062.00,1031,1031,0.00,0.00,0,0
1441004929,s3,0.00,342.00,342.00,342,0,0.00,1.00,1.00,1,0,0.00,0.00,0,0
1441004929,s2-eth2,68454.00,6039598.00,6108052.00,6039598,68454,1033.00,1031.00,2064.00,1031,1033,0.00,0.00,0,0
1441004929,s2-eth1,6039598.00,68046.00,6107644.00,68046,6039598,1031.00,1031.00,2062.00,1031,1031,0.00,0.00,0,0
1441004929,lo,438.00,438.00,876.00,438,438,5.00,5.00,10.00,5,5,0.00,0.00,0,0
1441004929,s4,0.00,0.00,0.00,0,0,0.00,0.00,0.00,0,0,0.00,0.00,0,0
1441004929,s3-eth2,68730.00,6039598.00,6108328.00,6039598,68730,1033.00,1031.00,2064.00,1031,1033,0.00,0.00,0,0
1441004929,s3-eth1,6039598.00,68454.00,6108052.00,68454,6039598,1031.00,1033.00,2064.00,1033,1031,0.00,0.00,0,0
1441004929,total,18324462.00,18324120.00,36648584.00,18324120,18324462,6195.00,6194.00,12389.00,6194,6195,0.00,0.00,0,0
1441004930,s5,0.00,0.00,0.00,0,0,0.00,0.00,0.00,0,0,0.00,0.00,0,0
1441004930,s1,0.00,0.00,0.00,0,0,0.00,0.00,0.00,0,0,0.00,0.00,0,0
1441004930,eth0,0.00,0.00,0.00,0,0,0.00,0.00,0.00,0,0,0.00,0.00,0,0
1441004930,eth1,0.00,0.00,0.00,0,0,0.00,0.00,0.00,0,0,0.00,0.00,0,0
1441004930,s2,0.00,0.00,0.00,0,0,0.00,0.00,0.00,0,0,0.00,0.00,0,0
1441004930,s1-eth2,68046.00,6039598.00,6107644.00,6039598,68046,1031.00,1031.00,2062.00,1031,1031,0.00,0.00,0,0
1441004930,s1-eth1,6039598.00,68046.00,6107644.00,68046,6039598,1031.00,1031.00,2062.00,1031,1031,0.00,0.00,0,0
1441004930,s3,0.00,0.00,0.00,0,0,0.00,0.00,0.00,0,0,0.00,0.00,0,0
1441004930,s2-eth2,68046.00,6039598.00,6107644.00,6039598,68046,1031.00,1031.00,2062.00,1031,1031,0.00,0.00,0,0
1441004930,s2-eth1,6039598.00,68046.00,6107644.00,68046,6039598,1031.00,1031.00,2062.00,1031,1031,0.00,0.00,0,0
1441004930,lo,0.00,0.00,0.00,0,0,0.00,0.00,0.00,0,0,0.00,0.00,0,0
1441004930,s4,0.00,0.00,0.00,0,0,0.00,0.00,0.00,0,0,0.00,0.00,0,0
1441004930,s3-eth2,68046.00,6039598.00,6107644.00,6039598,68046,1031.00,1031.00,2062.00,1031,1031,0.00,0.00,0,0
1441004930,s3-eth1,6039598.00,68046.00,6107644.00,68046,6039598,1031.00,1031.00,2062.00,1031,1031,0.00,0.00,0,0
1441004930,total,18322932.00,18322932.00,36645864.00,18322932,18322932,6186.00,6186.00,12372.00,6186,6186,0.00,0.00,0,0
1441004931,s5,0.00,0.00,0.00,0,0,0.00,0.00,0.00,0,0,0.00,0.00,0,0
1441004931,s1,0.00,0.00,0.00,0,0,0.00,0.00,0.00,0,0,0.00,0.00,0,0
1441004931,eth0,0.00,0.00,0.00,0,0,0.00,0.00,0.00,0,0,0.00,0.00,0,0
1441004931,eth1,0.00,0.00,0.00,0,0,0.00,0.00,0.00,0,0,0.00,0.00,0,0
1441004931,s2,0.00,0.00,0.00,0,0,0.00,0.00,0.00,0,0,0.00,0.00,0,0
1441004931,s1-eth2,68107.79,6045082.00,6113190.00,6057172,68244,1031.94,1031.94,2063.87,1034,1034,0.00,0.00,0,0
1441004931,s1-eth1,6045082.00,68173.66,6113255.50,68310,6057172,1031.94,1032.93,2064.87,1035,1034,0.00,0.00,0,0
1441004931,s3,0.00,0.00,0.00,0,0,0.00,0.00,0.00,0,0,0.00,0.00,0,0
1441004931,s2-eth2,68107.79,6045082.00,6113190.00,6057172,68244,1031.94,1031.94,2063.87,1034,1034,0.00,0.00,0,0
1441004931,s2-eth1,6045082.00,68107.79,6113190.00,68244,6057172,1031.94,1031.94,2063.87,1034,1034,0.00,0.00,0,0
1441004931,lo,119.76,119.76,239.52,120,120,2.00,2.00,3.99,2,2,0.00,0.00,0,0
1441004931,s4,0.00,0.00,0.00,0,0,0.00,0.00,0.00,0,0,0.00,0.00,0,0
1441004931,s3-eth2,68107.79,6045082.00,6113190.00,6057172,68244,1031.94,1031.94,2063.87,1034,1034,0.00,0.00,0,0
1441004931,s3-eth1,6045082.00,68107.79,6113190.00,68244,6057172,1031.94,1031.94,2063.87,1034,1034,0.00,0.00,0,0
1441004931,total,18339690.00,18339754.00,36679444.00,18376434,18376368,6193.61,6194.61,12388.22,6207,6206,0.00,0.00,0,0
1441004932,s5,0.00,0.00,0.00,0,0,0.00,0.00,0.00,0,0,0.00,0.00,0,0
1441004932,s1,0.00,0.00,0.00,0,0,0.00,0.00,0.00,0,0,0.00,0.00,0,0
1441004932,eth0,0.00,0.00,0.00,0,0,0.00,0.00,0.00,0,0,0.00,0.00,0,0
1441004932,eth1,0.00,0.00,0.00,0,0,0.00,0.00,0.00,0,0,0.00,0.00,0,0
1441004932,s2,0.00,0.00,0.00,0,0,0.00,0.00,0.00,0,0,0.00,0.00,0,0
1441004932,s1-eth2,68178.00,6045456.00,6113634.00,6045456,68178,1033.00,1032.00,2065.00,1032,1033,0.00,0.00,0,0
1441004932,s1-eth1,6045456.00,68112.00,6113568.00,68112,6045456,1032.00,1032.00,2064.00,1032,1032,0.00,0.00,0,0
1441004932,s3,0.00,0.00,0.00,0,0,0.00,0.00,0.00,0,0,0.00,0.00,0,0
1441004932,s2-eth2,68112.00,6045456.00,6113568.00,6045456,68112,1032.00,1032.00,2064.00,1032,1032,0.00,0.00,0,0
1441004932,s2-eth1,6045456.00,68178.00,6113634.00,68178,6045456,1032.00,1033.00,2065.00,1033,1032,0.00,0.00,0,0
1441004932,lo,568.00,568.00,1136.00,568,568,10.00,10.00,20.00,10,10,0.00,0.00,0,0
1441004932,s4,0.00,0.00,0.00,0,0,0.00,0.00,0.00,0,0,0.00,0.00,0,0
1441004932,s3-eth2,68178.00,6045456.00,6113634.00,6045456,68178,1033.00,1032.00,2065.00,1032,1033,0.00,0.00,0,0
1441004932,s3-eth1,6045456.00,68112.00,6113568.00,68112,6045456,1032.00,1032.00,2064.00,1032,1032,0.00,0.00,0,0
1441004932,total,18341404.00,18341338.00,36682744.00,18341338,18341404,6204.00,6203.00,12407.00,6203,6204,0.00,0.00,0,0
1441004933,s5,0.00,0.00,0.00,0,0,0.00,0.00,0.00,0,0,0.00,0.00,0,0
1441004933,s1,0.00,0.00,0.00,0,0,0.00,0.00,0.00,0,0,0.00,0.00,0,0
1441004933,eth0,0.00,0.00,0.00,0,0,0.00,0.00,0.00,0,0,0.00,0.00,0,0
1441004933,eth1,0.00,0.00,0.00,0,0,0.00,0.00,0.00,0,0,0.00,0.00,0,0
1441004933,s2,0.00,0.00,0.00,0,0,0.00,0.00,0.00,0,0,0.00,0.00,0,0
1441004933,s1-eth2,68105.68,6050736.00,6118841.50,6068888,68310,1031.90,1032.90,2064.81,1036,1035,0.00,0.00,0,0
1441004933,s1-eth1,6050736.00,68105.68,6118841.50,68310,6068888,1032.90,1031.90,2064.81,1035,1036,0.00,0.00,0,0
1441004933,s3,0.00,0.00,0.00,0,0,0.00,0.00,0.00,0,0,0.00,0.00,0,0
1441004933,s2-eth2,68171.48,6050736.00,6118907.50,6068888,68376,1032.90,1032.90,2065.80,1036,1036,0.00,0.00,0,0
1441004933,s2-eth1,6050736.00,68105.68,6118841.50,68310,6068888,1032.90,1031.90,2064.81,1035,1036,0.00,0.00,0,0
1441004933,lo,171.49,171.49,342.97,172,172,2.99,2.99,5.98,3,3,0.00,0.00,0,0
1441004933,s4,0.00,0.00,0.00,0,0,0.00,0.00,0.00,0,0,0.00,0.00,0,0
1441004933,s3-eth2,68037.85,6044709.50,6112747.00,6068888,68310,1030.88,1031.87,2062.75,1036,1035,0.00,0.00,0,0
1441004933,s3-eth1,6044709.50,68103.59,6112813.00,68376,6068888,1031.87,1031.87,2063.75,1036,1036,0.00,0.00,0,0
1441004933,total,18338478.00,18338478.00,36676956.00,18411832,18411832,6192.23,6192.23,12384.46,6217,6217,0.00,0.00,0,0
1441004934,s5,0.00,0.00,0.00,0,0,0.00,0.00,0.00,0,0,0.00,0.00,0,0
1441004934,s1,0.00,640.00,640.00,640,0,0.00,4.00,4.00,4,0,0.00,0.00,0,0
1441004934,eth0,304.00,876.00,1180.00,876,304,4.00,5.00,9.00,5,4,0.00,0.00,0,0
1441004934,eth1,76.00,86.00,162.00,86,76,1.00,1.00,2.00,1,1,0.00,0.00,0,0
1441004934,s2,0.00,640.00,640.00,640,0,0.00,4.00,4.00,4,0,0.00,0.00,0,0
1441004934,s1-eth2,68818.00,6051954.00,6120772.00,6051954,68818,1037.00,1037.00,2074.00,1037,1037,0.00,0.00,0,0
1441004934,s1-eth1,6052594.00,68178.00,6120772.00,68178,6052594,1041.00,1033.00,2074.00,1033,1041,0.00,0.00,0,0
1441004934,s3,0.00,640.00,640.00,640,0,0.00,4.00,4.00,4,0,0.00,0.00,0,0
1441004934,s2-eth2,68752.00,6051314.00,6120066.00,6051314,68752,1036.00,1033.00,2069.00,1033,1036,0.00,0.00,0,0
1441004934,s2-eth1,6051954.00,68818.00,6120772.00,68818,6051954,1037.00,1037.00,2074.00,1037,1037,0.00,0.00,0,0
1441004934,lo,4636.00,4636.00,9272.00,4636,4636,44.00,44.00,88.00,44,44,0.00,0.00,0,0
1441004934,s4,0.00,0.00,0.00,0,0,0.00,0.00,0.00,0,0,0.00,0.00,0,0
1441004934,s3-eth2,68818.00,6051314.00,6120132.00,6051314,68818,1037.00,1033.00,2070.00,1033,1037,0.00,0.00,0,0
1441004934,s3-eth1,6051314.00,68752.00,6120066.00,68752,6051314,1033.00,1036.00,2069.00,1036,1033,0.00,0.00,0,0
1441004934,total,18367266.00,18367848.00,36735112.00,18367848,18367266,6270.00,6271.00,12541.00,6271,6270,0.00,0.00,0,0
1441004935,s5,0.00,0.00,0.00,0,0,0.00,0.00,0.00,0,0,0.00,0.00,0,0
1441004935,s1,0.00,2121.00,2121.00,2121,0,0.00,11.00,11.00,11,0,0.00,0.00,0,0
1441004935,eth0,912.00,2370.00,3282.00,2370,912,12.00,12.00,24.00,12,12,0.00,0.00,0,0
1441004935,eth1,0.00,0.00,0.00,0,0,0.00,0.00,0.00,0,0,0.00,0.00,0,0
1441004935,s2,0.00,1419.00,1419.00,1419,0,0.00,9.00,9.00,9,0,0.00,0.00,0,0
1441004935,s1-eth2,68803.00,6030003.00,6098806.00,6030003,68803,1035.00,1040.00,2075.00,1040,1035,0.00,0.00,0,0
1441004935,s1-eth1,6030253.00,67914.00,6098167.00,67914,6030253,1043.00,1029.00,2072.00,1029,1043,0.00,0.00,0,0
1441004935,s3,0.00,1529.00,1529.00,1529,0,0.00,10.00,10.00,10,0,0.00,0.00,0,0
1441004935,s2-eth2,69443.00,6028412.00,6097855.00,6028412,69443,1039.00,1032.00,2071.00,1032,1039,0.00,0.00,0,0
1441004935,s2-eth1,6030003.00,68803.00,6098806.00,68803,6030003,1040.00,1035.00,2075.00,1035,1040,0.00,0.00,0,0
1441004935,lo,11687.00,11687.00,23374.00,11687,11687,107.00,107.00,214.00,107,107,0.00,0.00,0,0
1441004935,s4,0.00,0.00,0.00,0,0,0.00,0.00,0.00,0,0,0.00,0.00,0,0
1441004935,s3-eth2,69697.00,6033740.00,6103437.00,6033740,69697,1042.00,1030.00,2072.00,1030,1042,0.00,0.00,0,0
1441004935,s3-eth1,6028412.00,69443.00,6097855.00,69443,6028412,1032.00,1039.00,2071.00,1039,1032,0.00,0.00,0,0
1441004935,total,18309210.00,18317440.00,36626652.00,18317441,18309210,6350.00,6354.00,12704.00,6354,6350,0.00,0.00,0,0
1441004936,s5,0.00,0.00,0.00,0,0,0.00,0.00,0.00,0,0,0.00,0.00,0,0
1441004936,s1,0.00,919.00,919.00,919,0,0.00,6.00,6.00,6,0,0.00,0.00,0,0
1441004936,eth0,456.00,1171.00,1627.00,1171,456,6.00,6.00,12.00,6,6,0.00,0.00,0,0
1441004936,eth1,0.00,244.00,244.00,244,0,0.00,1.00,1.00,1,0,0.00,0.00,0,0
1441004936,s2,0.00,1594.00,1594.00,1594,0,0.00,9.00,9.00,9,0,0.00,0.00,0,0
1441004936,s1-eth2,69238.00,6028801.00,6098039.00,6028801,69238,1035.00,1035.00,2070.00,1035,1035,0.00,0.00,0,0
1441004936,s1-eth1,6030657.00,67914.00,6098571.00,67914,6030657,1043.00,1029.00,2072.00,1029,1043,0.00,0.00,0,0
1441004936,s3,0.00,2796.00,2796.00,2796,0,0.00,13.00,13.00,13,0,0.00,0.00,0,0
1441004936,s2-eth2,70883.00,6028152.00,6099035.00,6028152,70883,1044.00,1032.00,2076.00,1032,1044,0.00,0.00,0,0
1441004936,s2-eth1,6028801.00,69238.00,6098039.00,69238,6028801,1035.00,1035.00,2070.00,1035,1035,0.00,0.00,0,0
1441004936,lo,10161.00,10161.00,20322.00,10161,10161,98.00,98.00,196.00,98,98,0.00,0.00,0,0
1441004936,s4,0.00,0.00,0.00,0,0,0.00,0.00,0.00,0,0,0.00,0.00,0,0
1441004936,s3-eth2,72941.00,6027882.00,6100823.00,6027882,72941,1054.00,1029.00,2083.00,1029,1054,0.00,0.00,0,0
1441004936,s3-eth1,6028152.00,70883.00,6099035.00,70883,6028152,1032.00,1044.00,2076.00,1044,1032,0.00,0.00,0,0
1441004936,total,18311288.00,18309756.00,36621044.00,18309755,18311289,6347.00,6337.00,12684.00,6337,6347,0.00,0.00,0,0
1441004937,s5,0.00,0.00,0.00,0,0,0.00,0.00,0.00,0,0,0.00,0.00,0,0
1441004937,s1,0.00,2775.00,2775.00,2775,0,0.00,13.00,13.00,13,0,0.00,0.00,0,0
1441004937,eth0,152.00,258.00,410.00,258,152,2.00,1.00,3.00,1,2,0.00,0.00,0,0
1441004937,eth1,0.00,0.00,0.00,0,0,0.00,0.00,0.00,0,0,0.00,0.00,0,0
1441004937,s2,0.00,2802.00,2802.00,2802,0,0.00,12.00,12.00,12,0,0.00,0.00,0,0
1441004937,s1-eth2,68902.00,6042373.00,6111275.00,6042373,68902,1034.00,1044.00,2078.00,1044,1034,0.00,0.00,0,0
1441004937,s1-eth1,6043336.00,68046.00,6111382.00,68046,6043336,1048.00,1031.00,2079.00,1031,1048,0.00,0.00,0,0
1441004937,s3,0.00,1784.00,1784.00,1784,0,0.00,9.00,9.00,9,0,0.00,0.00,0,0
1441004937,s2-eth2,69723.00,6047402.00,6117125.00,6047402,69723,1039.00,1041.00,2080.00,1041,1039,0.00,0.00,0,0
1441004937,s2-eth1,6042373.00,68902.00,6111275.00,68902,6042373,1044.00,1034.00,2078.00,1034,1044,0.00,0.00,0,0
1441004937,lo,10591.00,10591.00,21182.00,10591,10591,99.00,99.00,198.00,99,99,0.00,0.00,0,0
1441004937,s4,0.00,0.00,0.00,0,0,0.00,0.00,0.00,0,0,0.00,0.00,0,0
1441004937,s3-eth2,70385.00,6045456.00,6115841.00,6045456,70385,1042.00,1032.00,2074.00,1032,1042,0.00,0.00,0,0
1441004937,s3-eth1,6047402.00,69723.00,6117125.00,69723,6047402,1041.00,1039.00,2080.00,1039,1041,0.00,0.00,0,0
1441004937,total,18352864.00,18360112.00,36712976.00,18360112,18352864,6349.00,6355.00,12704.00,6355,6349,0.00,0.00,0,0
1441004938,s5,0.00,0.00,0.00,0,0,0.00,0.00,0.00,0,0,0.00,0.00,0,0
1441004938,s1,0.00,1337.00,1337.00,1337,0,0.00,6.00,6.00,6,0,0.00,0.00,0,0
1441004938,eth0,0.00,395.00,395.00,395,0,0.00,2.00,2.00,2,0,0.00,0.00,0,0
1441004938,eth1,0.00,0.00,0.00,0,0,0.00,0.00,0.00,0,0,0.00,0.00,0,0
1441004938,s2,0.00,1070.00,1070.00,1070,0,0.00,5.00,5.00,5,0,0.00,0.00,0,0
1441004938,s1-eth2,68219.00,6046793.00,6115012.00,6046793,68219,1033.00,1038.00,2071.00,1038,1033,0.00,0.00,0,0
1441004938,s1-eth1,6046793.00,68112.00,6114905.00,68112,6046793,1038.00,1032.00,2070.00,1032,1038,0.00,0.00,0,0
1441004938,s3,0.00,776.00,776.00,776,0,0.00,3.00,3.00,3,0,0.00,0.00,0,0
1441004938,s2-eth2,68888.00,6046419.00,6115307.00,6046419,68888,1035.00,1036.00,2071.00,1036,1035,0.00,0.00,0,0
1441004938,s2-eth1,6046793.00,68219.00,6115012.00,68219,6046793,1038.00,1033.00,2071.00,1033,1038,0.00,0.00,0,0
1441004938,lo,4826.00,4826.00,9652.00,4826,4826,44.00,44.00,88.00,44,44,0.00,0.00,0,0
1441004938,s4,0.00,0.00,0.00,0,0,0.00,0.00,0.00,0,0,0.00,0.00,0,0
1441004938,s3-eth2,69450.00,6045456.00,6114906.00,6045456,69450,1036.00,1032.00,2068.00,1032,1036,0.00,0.00,0,0
1441004938,s3-eth1,6046419.00,68888.00,6115307.00,68888,6046419,1036.00,1035.00,2071.00,1035,1036,0.00,0.00,0,0
1441004938,total,18351388.00,18352292.00,36703680.00,18352291,18351388,6260.00,6266.00,12526.00,6266,6260,0.00,0.00,0,0
1441004939,s5,0.00,0.00,0.00,0,0,0.00,0.00,0.00,0,0,0.00,0.00,0,0
1441004939,s1,0.00,739.00,739.00,739,0,0.00,3.00,3.00,3,0,0.00,0.00,0,0
1441004939,eth0,60.00,142.00,202.00,142,60,1.00,2.00,3.00,2,1,0.00,0.00,0,0
1441004939,eth1,60.00,142.00,202.00,142,60,1.00,2.00,3.00,2,1,0.00,0.00,0,0
1441004939,s2,0.00,664.00,664.00,664,0,0.00,3.00,3.00,3,0,0.00,0.00,0,0
1441004939,s1-eth2,68776.00,6046195.00,6114971.00,6046195,68776,1035.00,1035.00,2070.00,1035,1035,0.00,0.00,0,0
1441004939,s1-eth1,6046966.00,68112.00,6115078.00,68112,6046966,1039.00,1032.00,2071.00,1032,1039,0.00,0.00,0,0
1441004939,s3,0.00,1038.00,1038.00,1038,0,0.00,5.00,5.00,5,0,0.00,0.00,0,0
1441004939,s2-eth2,69084.00,6045456.00,6114540.00,6045456,69084,1036.00,1032.00,2068.00,1032,1036,0.00,0.00,0,0
1441004939,s2-eth1,6046195.00,68776.00,6114971.00,68776,6046195,1035.00,1035.00,2070.00,1035,1035,0.00,0.00,0,0
1441004939,lo,3391.00,3391.00,6782.00,3391,3391,33.00,33.00,66.00,33,33,0.00,0.00,0,0
1441004939,s4,0.00,0.00,0.00,0,0,0.00,0.00,0.00,0,0,0.00,0.00,0,0
1441004939,s3-eth2,69631.00,6045456.00,6115087.00,6045456,69631,1040.00,1032.00,2072.00,1032,1040,0.00,0.00,0,0
1441004939,s3-eth1,6045456.00,69084.00,6114540.00,69084,6045456,1032.00,1036.00,2068.00,1036,1032,0.00,0.00,0,0
1441004939,total,18349620.00,18349196.00,36698816.00,18349195,18349619,6252.00,6250.00,12502.00,6250,6252,0.00,0.00,0,0
1441004940,s5,0.00,0.00,0.00,0,0,0.00,0.00,0.00,0,0,0.00,0.00,0,0
1441004940,s1,0.00,701.00,701.00,701,0,0.00,3.00,3.00,3,0,0.00,0.00,0,0
1441004940,eth0,0.00,82.00,82.00,82,0,0.00,1.00,1.00,1,0,0.00,0.00,0,0
1441004940,eth1,0.00,82.00,82.00,82,0,0.00,1.00,1.00,1,0,0.00,0.00,0,0
1441004940,s2,0.00,701.00,701.00,701,0,0.00,3.00,3.00,3,0,0.00,0.00,0,0
1441004940,s1-eth2,68112.00,6046157.00,6114269.00,6046157,68112,1032.00,1035.00,2067.00,1035,1032,0.00,0.00,0,0
1441004940,s1-eth1,6046157.00,68178.00,6114335.00,68178,6046157,1035.00,1033.00,2068.00,1033,1035,0.00,0.00,0,0
1441004940,s3,0.00,397.00,397.00,397,0,0.00,2.00,2.00,2,0,0.00,0.00,0,0
1441004940,s2-eth2,68575.00,6046157.00,6114732.00,6046157,68575,1035.00,1035.00,2070.00,1035,1035,0.00,0.00,0,0
1441004940,s2-eth1,6046157.00,68112.00,6114269.00,68112,6046157,1035.00,1032.00,2067.00,1032,1035,0.00,0.00,0,0
1441004940,lo,2508.00,2508.00,5016.00,2508,2508,24.00,24.00,48.00,24,24,0.00,0.00,0,0
1441004940,s4,0.00,0.00,0.00,0,0,0.00,0.00,0.00,0,0,0.00,0.00,0,0
1441004940,s3-eth2,68906.00,6045456.00,6114362.00,6045456,68906,1036.00,1032.00,2068.00,1032,1036,0.00,0.00,0,0
1441004940,s3-eth1,6046157.00,68575.00,6114732.00,68575,6046157,1035.00,1035.00,2070.00,1035,1035,0.00,0.00,0,0
1441004940,total,18346572.00,18347106.00,36693680.00,18347106,18346572,6232.00,6236.00,12468.00,6236,6232,0.00,0.00,0,0
1441004941,s5,0.00,0.00,0.00,0,0,0.00,0.00,0.00,0,0,0.00,0.00,0,0
1441004941,s1,0.00,70.00,70.00,70,0,0.00,1.00,1.00,1,0,0.00,0.00,0,0
1441004941,eth0,0.00,92.00,92.00,92,0,0.00,1.00,1.00,1,0,0.00,0.00,0,0
1441004941,eth1,0.00,0.00,0.00,0,0,0.00,0.00,0.00,0,0,0.00,0.00,0,0
1441004941,s2,0.00,70.00,70.00,70,0,0.00,1.00,1.00,1,0,0.00,0.00,0,0
1441004941,s1-eth2,71280.00,6054980.00,6126260.00,6054980,71280,1080.00,1264.00,2344.00,1264,1080,0.00,0.00,0,0
1441004941,s1-eth1,6055322.00,71280.00,6126602.00,71280,6055322,1265.00,1080.00,2345.00,1080,1265,0.00,0.00,0,0
1441004941,s3,0.00,0.00,0.00,0,0,0.00,0.00,0.00,0,0,0.00,0.00,0,0
1441004941,s2-eth2,71280.00,6054980.00,6126260.00,6054980,71280,1080.00,1264.00,2344.00,1264,1080,0.00,0.00,0,0
1441004941,s2-eth1,6054980.00,71280.00,6126260.00,71280,6054980,1264.00,1080.00,2344.00,1080,1264,0.00,0.00,0,0
1441004941,lo,880.00,880.00,1760.00,880,880,12.00,12.00,24.00,12,12,0.00,0.00,0,0
1441004941,s4,0.00,0.00,0.00,0,0,0.00,0.00,0.00,0,0,0.00,0.00,0,0
1441004941,s3-eth2,71346.00,6054910.00,6126256.00,6054910,71346,1081.00,1263.00,2344.00,1263,1081,0.00,0.00,0,0
1441004941,s3-eth1,6054980.00,71280.00,6126260.00,71280,6054980,1264.00,1080.00,2344.00,1080,1264,0.00,0.00,0,0
1441004941,total,18380068.00,18379822.00,36759888.00,18379822,18380068,7046.00,7046.00,14092.00,7046,7046,0.00,0.00,0,0
1441004942,s5,0.00,0.00,0.00,0,0,0.00,0.00,0.00,0,0,0.00,0.00,0,0
1441004942,s1,0.00,107.00,107.00,107,0,0.00,1.00,1.00,1,0,0.00,0.00,0,0
1441004942,eth0,0.00,92.00,92.00,92,0,0.00,1.00,1.00,1,0,0.00,0.00,0,0
1441004942,eth1,0.00,0.00,0.00,0,0,0.00,0.00,0.00,0,0,0.00,0.00,0,0
1441004942,s2,0.00,107.00,107.00,107,0,0.00,1.00,1.00,1,0,0.00,0.00,0,0
1441004942,s1-eth2,78251.00,6038219.00,6116470.00,6038219,78251,1185.00,1185.00,2370.00,1185,1185,0.00,0.00,0,0
1441004942,s1-eth1,6038219.00,78144.00,6116363.00,78144,6038219,1185.00,1184.00,2369.00,1184,1185,0.00,0.00,0,0
1441004942,s3,0.00,107.00,107.00,107,0,0.00,1.00,1.00,1,0,0.00,0.00,0,0
1441004942,s2-eth2,78251.00,6038112.00,6116363.00,6038112,78251,1185.00,1184.00,2369.00,1184,1185,0.00,0.00,0,0
1441004942,s2-eth1,6038219.00,78251.00,6116470.00,78251,6038219,1185.00,1185.00,2370.00,1185,1185,0.00,0.00,0,0
1441004942,lo,915.00,915.00,1830.00,915,915,9.00,9.00,18.00,9,9,0.00,0.00,0,0
1441004942,s4,0.00,0.00,0.00,0,0,0.00,0.00,0.00,0,0,0.00,0.00,0,0
1441004942,s3-eth2,78144.00,6038112.00,6116256.00,6038112,78144,1184.00,1184.00,2368.00,1184,1184,0.00,0.00,0,0
1441004942,s3-eth1,6038112.00,78251.00,6116363.00,78251,6038112,1184.00,1185.00,2369.00,1185,1184,0.00,0.00,0,0
1441004942,total,18350112.00,18350416.00,36700528.00,18350417,18350111,7117.00,7120.00,14237.00,7120,7117,0.00,0.00,0,0
1441004943,s5,0.00,0.00,0.00,0,0,0.00,0.00,0.00,0,0,0.00,0.00,0,0
1441004943,s1,0.00,412.00,412.00,412,0,0.00,2.00,2.00,2,0,0.00,0.00,0,0
1441004943,eth0,0.00,82.00,82.00,82,0,0.00,1.00,1.00,1,0,0.00,0.00,0,0
1441004943,eth1,0.00,266.00,266.00,266,0,0.00,3.00,3.00,3,0,0.00,0.00,0,0
1441004943,s2,0.00,412.00,412.00,412,0,0.00,2.00,2.00,2,0,0.00,0.00,0,0
1441004943,s1-eth2,68182.00,6040010.00,6108192.00,6040010,68182,1033.00,1033.00,2066.00,1033,1033,0.00,0.00,0,0
1441004943,s1-eth1,6046045.00,68046.00,6114091.00,68046,6046045,1036.00,1031.00,2067.00,1031,1036,0.00,0.00,0,0
1441004943,s3,0.00,177.00,177.00,177,0,0.00,2.00,2.00,2,0,0.00,0.00,0,0
1441004943,s2-eth2,68289.00,6039940.00,6108229.00,6039940,68289,1034.00,1032.00,2066.00,1032,1034,0.00,0.00,0,0
1441004943,s2-eth1,6040010.00,68182.00,6108192.00,68182,6040010,1033.00,1033.00,2066.00,1033,1033,0.00,0.00,0,0
1441004943,lo,1761.00,1761.00,3522.00,1761,1761,18.00,18.00,36.00,18,18,0.00,0.00,0,0
1441004943,s4,0.00,0.00,0.00,0,0,0.00,0.00,0.00,0,0,0.00,0.00,0,0
1441004943,s3-eth2,68779.00,6045456.00,6114235.00,6045456,68779,1036.00,1032.00,2068.00,1032,1036,0.00,0.00,0,0
1441004943,s3-eth1,6039940.00,68289.00,6108229.00,68289,6039940,1032.00,1034.00,2066.00,1034,1032,0.00,0.00,0,0
1441004943,total,18333006.00,18333032.00,36666040.00,18333033,18333006,6222.00,6223.00,12445.00,6223,6222,0.00,0.00,0,0
1441004944,s5,0.00,0.00,0.00,0,0,0.00,0.00,0.00,0,0,0.00,0.00,0,0
1441004944,s1,0.00,107.00,107.00,107,0,0.00,1.00,1.00,1,0,0.00,0.00,0,0
1441004944,eth0,0.00,0.00,0.00,0,0,0.00,0.00,0.00,0,0,0.00,0.00,0,0
1441004944,eth1,0.00,0.00,0.00,0,0,0.00,0.00,0.00,0,0,0.00,0.00,0,0
1441004944,s2,0.00,107.00,107.00,107,0,0.00,1.00,1.00,1,0,0.00,0.00,0,0
1441004944,s1-eth2,68178.00,6045563.00,6113741.00,6045563,68178,1033.00,1033.00,2066.00,1033,1033,0.00,0.00,0,0
1441004944,s1-eth1,6045563.00,68178.00,6113741.00,68178,6045563,1033.00,1033.00,2066.00,1033,1033,0.00,0.00,0,0
1441004944,s3,0.00,70.00,70.00,70,0,0.00,1.00,1.00,1,0,0.00,0.00,0,0
1441004944,s2-eth2,68182.00,6045563.00,6113745.00,6045563,68182,1033.00,1033.00,2066.00,1033,1033,0.00,0.00,0,0
1441004944,s2-eth1,6045563.00,68178.00,6113741.00,68178,6045563,1033.00,1033.00,2066.00,1033,1033,0.00,0.00,0,0
1441004944,lo,878.00,878.00,1756.00,878,878,9.00,9.00,18.00,9,9,0.00,0.00,0,0
1441004944,s4,0.00,0.00,0.00,0,0,0.00,0.00,0.00,0,0,0.00,0.00,0,0
1441004944,s3-eth2,68318.00,6045456.00,6113774.00,6045456,68318,1035.00,1032.00,2067.00,1032,1035,0.00,0.00,0,0
1441004944,s3-eth1,6045563.00,68182.00,6113745.00,68182,6045563,1033.00,1033.00,2066.00,1033,1033,0.00,0.00,0,0
1441004944,total,18342244.00,18342282.00,36684528.00,18342282,18342245,6209.00,6209.00,12418.00,6209,6209,0.00,0.00,0,0
1441004945,s5,0.00,0.00,0.00,0,0,0.00,0.00,0.00,0,0,0.00,0.00,0,0
1441004945,s1,0.00,412.00,412.00,412,0,0.00,2.00,2.00,2,0,0.00,0.00,0,0
1441004945,eth0,0.00,0.00,0.00,0,0,0.00,0.00,0.00,0,0,0.00,0.00,0,0
1441004945,eth1,0.00,0.00,0.00,0,0,0.00,0.00,0.00,0,0,0.00,0.00,0,0
1441004945,s2,0.00,412.00,412.00,412,0,0.00,2.00,2.00,2,0,0.00,0.00,0,0
1441004945,s1-eth2,68388.00,6040010.00,6108398.00,6040010,68388,1032.00,1033.00,2065.00,1033,1032,0.00,0.00,0,0
1441004945,s1-eth1,6040010.00,68046.00,6108056.00,68046,6040010,1033.00,1031.00,2064.00,1031,1033,0.00,0.00,0,0
1441004945,s3,0.00,342.00,342.00,342,0,0.00,1.00,1.00,1,0,0.00,0.00,0,0
1441004945,s2-eth2,68388.00,6039668.00,6108056.00,6039668,68388,1032.00,1032.00,2064.00,1032,1032,0.00,0.00,0,0
1441004945,s2-eth1,6040010.00,68388.00,6108398.00,68388,6040010,1033.00,1032.00,2065.00,1032,1033,0.00,0.00,0,0
1441004945,lo,1514.00,1514.00,3028.00,1514,1514,15.00,15.00,30.00,15,15,0.00,0.00,0,0
1441004945,s4,0.00,0.00,0.00,0,0,0.00,0.00,0.00,0,0,0.00,0.00,0,0
1441004945,s3-eth2,68388.00,6039598.00,6107986.00,6039598,68388,1032.00,1031.00,2063.00,1031,1032,0.00,0.00,0,0
1441004945,s3-eth1,6039668.00,68388.00,6108056.00,68388,6039668,1032.00,1032.00,2064.00,1032,1032,0.00,0.00,0,0
1441004945,total,18326366.00,18326778.00,36653144.00,18326778,18326366,6209.00,6211.00,12420.00,6211,6209,0.00,0.00,0,0
1441004946,s5,0.00,0.00,0.00,0,0,0.00,0.00,0.00,0,0,0.00,0.00,0,0
1441004946,s1,0.00,0.00,0.00,0,0,0.00,0.00,0.00,0,0,0.00,0.00,0,0
1441004946,eth0,0.00,0.00,0.00,0,0,0.00,0.00,0.00,0,0,0.00,0.00,0,0
1441004946,eth1,0.00,0.00,0.00,0,0,0.00,0.00,0.00,0,0,0.00,0.00,0,0
1441004946,s2,0.00,0.00,0.00,0,0,0.00,0.00,0.00,0,0,0.00,0.00,0,0
1441004946,s1-eth2,68112.00,6051314.00,6119426.00,6051314,68112,1032.00,1033.00,2065.00,1033,1032,0.00,0.00,0,0
1441004946,s1-eth1,6051314.00,68112.00,6119426.00,68112,6051314,1033.00,1032.00,2065.00,1032,1033,0.00,0.00,0,0
1441004946,s3,0.00,342.00,342.00,342,0,0.00,1.00,1.00,1,0,0.00,0.00,0,0
1441004946,s2-eth2,68520.00,6051314.00,6119834.00,6051314,68520,1034.00,1033.00,2067.00,1033,1034,0.00,0.00,0,0
1441004946,s2-eth1,6051314.00,68112.00,6119426.00,68112,6051314,1033.00,1032.00,2065.00,1032,1033,0.00,0.00,0,0
1441004946,lo,670.00,670.00,1340.00,670,670,9.00,9.00,18.00,9,9,0.00,0.00,0,0
1441004946,s4,0.00,0.00,0.00,0,0,0.00,0.00,0.00,0,0,0.00,0.00,0,0
1441004946,s3-eth2,68454.00,6051314.00,6119768.00,6051314,68454,1033.00,1033.00,2066.00,1033,1033,0.00,0.00,0,0
1441004946,s3-eth1,6051314.00,68520.00,6119834.00,68520,6051314,1033.00,1034.00,2067.00,1034,1033,0.00,0.00,0,0
1441004946,total,18359698.00,18359698.00,36719396.00,18359698,18359698,6207.00,6207.00,12414.00,6207,6207,0.00,0.00,0,0
1441004947,s5,0.00,0.00,0.00,0,0,0.00,0.00,0.00,0,0,0.00,0.00,0,0
1441004947,s1,0.00,0.00,0.00,0,0,0.00,0.00,0.00,0,0,0.00,0.00,0,0
1441004947,eth0,0.00,0.00,0.00,0,0,0.00,0.00,0.00,0,0,0.00,0.00,0,0
1441004947,eth1,0.00,0.00,0.00,0,0,0.00,0.00,0.00,0,0,0.00,0.00,0,0
1441004947,s2,0.00,0.00,0.00,0,0,0.00,0.00,0.00,0,0,0.00,0.00,0,0
1441004947,s1-eth2,68112.00,6039598.00,6107710.00,6039598,68112,1032.00,1031.00,2063.00,1031,1032,0.00,0.00,0,0
1441004947,s1-eth1,6045456.00,68112.00,6113568.00,68112,6045456,1032.00,1032.00,2064.00,1032,1032,0.00,0.00,0,0
1441004947,s3,0.00,0.00,0.00,0,0,0.00,0.00,0.00,0,0,0.00,0.00,0,0
1441004947,s2-eth2,68046.00,6045456.00,6113502.00,6045456,68046,1031.00,1032.00,2063.00,1032,1031,0.00,0.00,0,0
1441004947,s2-eth1,6045456.00,68112.00,6113568.00,68112,6045456,1032.00,1032.00,2064.00,1032,1032,0.00,0.00,0,0
1441004947,lo,0.00,0.00,0.00,0,0,0.00,0.00,0.00,0,0,0.00,0.00,0,0
1441004947,s4,0.00,0.00,0.00,0,0,0.00,0.00,0.00,0,0,0.00,0.00,0,0
1441004947,s3-eth2,68112.00,6045456.00,6113568.00,6045456,68112,1032.00,1032.00,2064.00,1032,1032,0.00,0.00,0,0
1441004947,s3-eth1,6045456.00,68046.00,6113502.00,68046,6045456,1032.00,1031.00,2063.00,1031,1032,0.00,0.00,0,0
1441004947,total,18340638.00,18334780.00,36675416.00,18334780,18340638,6191.00,6190.00,12381.00,6190,6191,0.00,0.00,0,0
1441004948,s5,0.00,0.00,0.00,0,0,0.00,0.00,0.00,0,0,0.00,0.00,0,0
1441004948,s1,0.00,0.00,0.00,0,0,0.00,0.00,0.00,0,0,0.00,0.00,0,0
1441004948,eth0,0.00,0.00,0.00,0,0,0.00,0.00,0.00,0,0,0.00,0.00,0,0
1441004948,eth1,0.00,0.00,0.00,0,0,0.00,0.00,0.00,0,0,0.00,0.00,0,0
1441004948,s2,0.00,0.00,0.00,0,0,0.00,0.00,0.00,0,0,0.00,0.00,0,0
1441004948,s1-eth2,16104.00,1234384.00,1250488.00,1234384,16104,244.00,212.00,456.00,212,244,0.00,0.00,0,0
1441004948,s1-eth1,1298822.00,15444.00,1314266.00,15444,1298822,223.00,234.00,457.00,234,223,0.00,0.00,0,0
1441004948,s3,0.00,0.00,0.00,0,0,0.00,0.00,0.00,0,0,0.00,0.00,0,0
1441004948,s2-eth2,16830.00,1158230.00,1175060.00,1158230,16830,255.00,199.00,454.00,199,255,0.00,0.00,0,0
1441004948,s2-eth1,1228526.00,16104.00,1244630.00,16104,1228526,211.00,244.00,455.00,244,211,0.00,0.00,0,0
1441004948,lo,0.00,0.00,0.00,0,0,0.00,0.00,0.00,0,0,0.00,0.00,0,0
1441004948,s4,0.00,0.00,0.00,0,0,0.00,0.00,0.00,0,0,0.00,0.00,0,0
1441004948,s3-eth2,17490.00,1082076.00,1099566.00,1082076,17490,265.00,186.00,451.00,186,265,0.00,0.00,0,0
1441004948,s3-eth1,1158230.00,16830.00,1175060.00,16830,1158230,199.00,255.00,454.00,255,199,0.00,0.00,0,0
1441004948,total,3736002.00,3523068.00,7259070.00,3523068,3736002,1397.00,1330.00,2727.00,1330,1397,0.00,0.00,0,0
1441004949,s5,0.00,0.00,0.00,0,0,0.00,0.00,0.00,0,0,0.00,0.00,0,0
1441004949,s1,0.00,0.00,0.00,0,0,0.00,0.00,0.00,0,0,0.00,0.00,0,0
1441004949,eth0,0.00,0.00,0.00,0,0,0.00,0.00,0.00,0,0,0.00,0.00,0,0
1441004949,eth1,0.00,0.00,0.00,0,0,0.00,0.00,0.00,0,0,0.00,0.00,0,0
1441004949,s2,0.00,0.00,0.00,0,0,0.00,0.00,0.00,0,0,0.00,0.00,0,0
1441004949,s1-eth2,42.00,42.00,84.00,42,42,1.00,1.00,2.00,1,1,0.00,0.00,0,0
1441004949,s1-eth1,42.00,42.00,84.00,42,42,1.00,1.00,2.00,1,1,0.00,0.00,0,0
1441004949,s3,0.00,0.00,0.00,0,0,0.00,0.00,0.00,0,0,0.00,0.00,0,0
1441004949,s2-eth2,42.00,42.00,84.00,42,42,1.00,1.00,2.00,1,1,0.00,0.00,0,0
1441004949,s2-eth1,42.00,42.00,84.00,42,42,1.00,1.00,2.00,1,1,0.00,0.00,0,0
1441004949,lo,344.00,344.00,688.00,344,344,6.00,6.00,12.00,6,6,0.00,0.00,0,0
1441004949,s4,0.00,0.00,0.00,0,0,0.00,0.00,0.00,0,0,0.00,0.00,0,0
1441004949,s3-eth2,42.00,42.00,84.00,42,42,1.00,1.00,2.00,1,1,0.00,0.00,0,0
1441004949,s3-eth1,42.00,42.00,84.00,42,42,1.00,1.00,2.00,1,1,0.00,0.00,0,0
1441004949,total,596.00,596.00,1192.00,596,596,12.00,12.00,24.00,12,12,0.00,0.00,0,0
1441004950,s5,0.00,0.00,0.00,0,0,0.00,0.00,0.00,0,0,0.00,0.00,0,0
1441004950,s1,0.00,107.00,107.00,107,0,0.00,1.00,1.00,1,0,0.00,0.00,0,0
1441004950,eth0,0.00,0.00,0.00,0,0,0.00,0.00,0.00,0,0,0.00,0.00,0,0
1441004950,eth1,0.00,0.00,0.00,0,0,0.00,0.00,0.00,0,0,0.00,0.00,0,0
1441004950,s2,0.00,107.00,107.00,107,0,0.00,1.00,1.00,1,0,0.00,0.00,0,0
1441004950,s1-eth2,107.00,107.00,214.00,107,107,1.00,1.00,2.00,1,1,0.00,0.00,0,0
1441004950,s1-eth1,107.00,0.00,107.00,0,107,1.00,0.00,1.00,0,1,0.00,0.00,0,0
1441004950,s3,0.00,107.00,107.00,107,0,0.00,1.00,1.00,1,0,0.00,0.00,0,0
1441004950,s2-eth2,107.00,0.00,107.00,0,107,1.00,0.00,1.00,0,1,0.00,0.00,0,0
1441004950,s2-eth1,107.00,107.00,214.00,107,107,1.00,1.00,2.00,1,1,0.00,0.00,0,0
1441004950,lo,1035.00,1035.00,2070.00,1035,1035,11.00,11.00,22.00,11,11,0.00,0.00,0,0
1441004950,s4,0.00,0.00,0.00,0,0,0.00,0.00,0.00,0,0,0.00,0.00,0,0
1441004950,s3-eth2,0.00,0.00,0.00,0,0,0.00,0.00,0.00,0,0,0.00,0.00,0,0
1441004950,s3-eth1,0.00,107.00,107.00,107,0,0.00,1.00,1.00,1,0,0.00,0.00,0,0
1441004950,total,1463.00,1677.00,3140.00,1677,1463,15.00,17.00,32.00,17,15,0.00,0.00,0,0
1441004951,s5,0.00,0.00,0.00,0,0,0.00,0.00,0.00,0,0,0.00,0.00,0,0
1441004951,s1,0.00,0.00,0.00,0,0,0.00,0.00,0.00,0,0,0.00,0.00,0,0
1441004951,eth0,0.00,0.00,0.00,0,0,0.00,0.00,0.00,0,0,0.00,0.00,0,0
1441004951,eth1,0.00,0.00,0.00,0,0,0.00,0.00,0.00,0,0,0.00,0.00,0,0
1441004951,s2,0.00,0.00,0.00,0,0,0.00,0.00,0.00,0,0,0.00,0.00,0,0
1441004951,s1-eth2,0.00,0.00,0.00,0,0,0.00,0.00,0.00,0,0,0.00,0.00,0,0
1441004951,s1-eth1,107.00,0.00,107.00,0,107,1.00,0.00,1.00,0,1,0.00,0.00,0,0
1441004951,s3,0.00,107.00,107.00,107,0,0.00,1.00,1.00,1,0,0.00,0.00,0,0
1441004951,s2-eth2,107.00,0.00,107.00,0,107,1.00,0.00,1.00,0,1,0.00,0.00,0,0
1441004951,s2-eth1,0.00,0.00,0.00,0,0,0.00,0.00,0.00,0,0,0.00,0.00,0,0
1441004951,lo,700.30,700.30,1400.60,701,701,9.99,9.99,19.98,10,10,0.00,0.00,0,0
1441004951,s4,0.00,0.00,0.00,0,0,0.00,0.00,0.00,0,0,0.00,0.00,0,0
1441004951,s3-eth2,320.68,0.00,320.68,0,321,3.00,0.00,3.00,0,3,0.00,0.00,0,0
1441004951,s3-eth1,0.00,106.89,106.89,107,0,0.00,1.00,1.00,1,0,0.00,0.00,0,0
1441004951,total,1234.77,914.09,2148.85,915,1236,14.99,11.99,26.97,12,15,0.00,0.00,0,0
1441004952,s5,0.00,0.00,0.00,0,0,0.00,0.00,0.00,0,0,0.00,0.00,0,0
1441004952,s1,0.00,448.55,448.55,449,0,0.00,2.00,2.00,2,0,0.00,0.00,0,0
1441004952,eth0,0.00,81.92,81.92,82,0,0.00,1.00,1.00,1,0,0.00,0.00,0,0
1441004952,eth1,0.00,81.92,81.92,82,0,0.00,1.00,1.00,1,0,0.00,0.00,0,0
1441004952,s2,0.00,106.89,106.89,107,0,0.00,1.00,1.00,1,0,0.00,0.00,0,0
1441004952,s1-eth2,0.00,448.55,448.55,449,0,0.00,2.00,2.00,2,0,0.00,0.00,0,0
1441004952,s1-eth1,790.21,0.00,790.21,0,791,3.00,0.00,3.00,0,3,0.00,0.00,0,0
1441004952,s3,0.00,0.00,0.00,0,0,0.00,0.00,0.00,0,0,0.00,0.00,0,0
1441004952,s2-eth2,0.00,106.89,106.89,107,0,0.00,1.00,1.00,1,0,0.00,0.00,0,0
1441004952,s2-eth1,448.55,0.00,448.55,0,449,2.00,0.00,2.00,0,2,0.00,0.00,0,0
1441004952,lo,935.06,935.06,1870.13,936,936,8.99,8.99,17.98,9,9,0.00,0.00,0,0
1441004952,s4,0.00,0.00,0.00,0,0,0.00,0.00,0.00,0,0,0.00,0.00,0,0
1441004952,s3-eth2,0.00,0.00,0.00,0,0,0.00,0.00,0.00,0,0,0.00,0.00,0,0
1441004952,s3-eth1,106.89,0.00,106.89,0,107,1.00,0.00,1.00,0,1,0.00,0.00,0,0
1441004952,total,2280.72,2209.79,4490.51,2212,2283,14.99,16.98,31.97,17,15,0.00,0.00,0,0
1441004953,s5,0.00,0.00,0.00,0,0,0.00,0.00,0.00,0,0,0.00,0.00,0,0
1441004953,s1,0.00,341.66,341.66,342,0,0.00,1.00,1.00,1,0,0.00,0.00,0,0
1441004953,eth0,0.00,0.00,0.00,0,0,0.00,0.00,0.00,0,0,0.00,0.00,0,0
1441004953,eth1,0.00,0.00,0.00,0,0,0.00,0.00,0.00,0,0,0.00,0.00,0,0
1441004953,s2,0.00,683.32,683.32,684,0,0.00,2.00,2.00,2,0,0.00,0.00,0,0
1441004953,s1-eth2,341.66,341.66,683.32,342,342,1.00,1.00,2.00,1,1,0.00,0.00,0,0
1441004953,s1-eth1,341.66,0.00,341.66,0,342,1.00,0.00,1.00,0,1,0.00,0.00,0,0
1441004953,s3,0.00,341.66,341.66,342,0,0.00,1.00,1.00,1,0,0.00,0.00,0,0
1441004953,s2-eth2,341.66,341.66,683.32,342,342,1.00,1.00,2.00,1,1,0.00,0.00,0,0
1441004953,s2-eth1,341.66,341.66,683.32,342,342,1.00,1.00,2.00,1,1,0.00,0.00,0,0
1441004953,lo,1302.70,1302.70,2605.39,1304,1304,11.99,11.99,23.98,12,12,0.00,0.00,0,0
1441004953,s4,0.00,0.00,0.00,0,0,0.00,0.00,0.00,0,0,0.00,0.00,0,0
1441004953,s3-eth2,341.66,0.00,341.66,0,342,1.00,0.00,1.00,0,1,0.00,0.00,0,0
1441004953,s3-eth1,341.66,341.66,683.32,342,342,1.00,1.00,2.00,1,1,0.00,0.00,0,0
1441004953,total,3352.65,4035.96,7388.61,4040,3356,17.98,19.98,37.96,20,18,0.00,0.00,0,0
1441004954,s5,0.00,0.00,0.00,0,0,0.00,0.00,0.00,0,0,0.00,0.00,0,0
1441004954,s1,0.00,0.00,0.00,0,0,0.00,0.00,0.00,0,0,0.00,0.00,0,0
1441004954,eth0,0.00,0.00,0.00,0,0,0.00,0.00,0.00,0,0,0.00,0.00,0,0
1441004954,eth1,0.00,0.00,0.00,0,0,0.00,0.00,0.00,0,0,0.00,0.00,0,0
1441004954,s2,0.00,0.00,0.00,0,0,0.00,0.00,0.00,0,0,0.00,0.00,0,0
1441004954,s1-eth2,0.00,0.00,0.00,0,0,0.00,0.00,0.00,0,0,0.00,0.00,0,0
1441004954,s1-eth1,0.00,0.00,0.00,0,0,0.00,0.00,0.00,0,0,0.00,0.00,0,0
1441004954,s3,0.00,0.00,0.00,0,0,0.00,0.00,0.00,0,0,0.00,0.00,0,0
1441004954,s2-eth2,0.00,0.00,0.00,0,0,0.00,0.00,0.00,0,0,0.00,0.00,0,0
1441004954,s2-eth1,0.00,0.00,0.00,0,0,0.00,0.00,0.00,0,0,0.00,0.00,0,0
1441004954,lo,0.00,0.00,0.00,0,0,0.00,0.00,0.00,0,0,0.00,0.00,0,0
1441004954,s4,0.00,0.00,0.00,0,0,0.00,0.00,0.00,0,0,0.00,0.00,0,0
1441004954,s3-eth2,0.00,0.00,0.00,0,0,0.00,0.00,0.00,0,0,0.00,0.00,0,0
1441004954,s3-eth1,0.00,0.00,0.00,0,0,0.00,0.00,0.00,0,0,0.00,0.00,0,0
1441004954,total,0.00,0.00,0.00,0,0,0.00,0.00,0.00,0,0,0.00,0.00,0,0
1441004955,s5,0.00,0.00,0.00,0,0,0.00,0.00,0.00,0,0,0.00,0.00,0,0
1441004955,s1,0.00,0.00,0.00,0,0,0.00,0.00,0.00,0,0,0.00,0.00,0,0
1441004955,eth0,0.00,0.00,0.00,0,0,0.00,0.00,0.00,0,0,0.00,0.00,0,0
1441004955,eth1,0.00,0.00,0.00,0,0,0.00,0.00,0.00,0,0,0.00,0.00,0,0
1441004955,s2,0.00,0.00,0.00,0,0,0.00